
RQ1_final/bugsinpy/hard4_codet5p_220m
  Exact Fixed = 13 
[7, 21, 24, 28, 30, 53, 60, 68, 92, 98, 99, 103, 108]
  Syntax Fixed = 0 
[]
  Cleaned Fixed = 0 
[]
  codebleu = 76.58 
[0.6728230800934798, 0.8505702153233261, 0.6601281703247908, 0.47166395418323315, 0.6913513004703498, 0.9411542454583528, 1.0, 0.8300638244826566, 0.5233952071661734, 0.68965030200429, 0.7714650156104186, 0.7398658182365634, 0.6572726626071705, 0.7768711691119308, 0.6883720951974961, 0.8971695160234401, 0.8856389378075658, 0.6413921957402942, 0.7443181170763433, 0.8884573785188872, 1.0, 0.583933634540305, 0.9204219587780458, 1.0, 0.8234479137638847, 0.6508693332230462, 0.40405185275628624, 1.0, 0.6853803599169206, 1.0, 0.8754092712592991, 0.8808919461147899, 0.7420541780659815, 0.8231560738418289, 0.8962096929024133, 0.8773104352365284, 0.8703246706459902, 0.7507982187182929, 0.9142445273649933, 0.7093853536262804, 0.5960308691846903, 0.7572098935987482, 0.8548397899287874, 0.4740532618616287, 0.46694054865928003, 0.5976301703621436, 0.8077895563342797, 0.8782734899756608, 0.549916846856608, 0.6693346782049525, 0.9309470682699423, 0.6954672286149212, 1.0, 0.5911195501972704, 0.8022604263379136, 0.5117566728908322, 0.8923125000332248, 0.6939112308588368, 0.7042953619649426, 1.0, 0.845087053073633, 0.20867343826082332, 0.6026966865919932, 0.5037077119806818, 0.8475332565755729, 0.7448259813148442, 0.7531797171538064, 1.0, 0.6441425627537012, 0.5750974938187585, 0.6439391185600173, 0.3031200238102166, 0.9472873156881443, 0.676525822803221, 0.6487795790095106, 0.49150427670545643, 0.8096114788906146, 0.7004008447526069, 0.7449734989717058, 0.8912022993575596, 0.6174476289010351, 0.7318286091585733, 0.7738279988463377, 0.8358395384567638, 0.884250182279102, 0.7164493834577911, 0.8573638305228279, 0.7332519354895861, 0.8336108571661149, 0.9178662308912058, 0.8814955038434287, 1.0, 0.7681899150975824, 0.8736270526063763, 0.782053171927164, 0.8934863054803268, 0.8789801838086921, 1.0, 0.9355467351067721, 0.8385834949297515, 0.7225931341121177, 0.878865255109752, 0.9399649879642329, 0.6065019447973778, 0.7793778739518044, 0.8631855387221548, 0.7160249274312963, 1.0, 0.7243849758480987]

RQ1_final/bugsinpy/hard3_codet5p_220m
  Exact Fixed = 10 
[24, 28, 30, 53, 60, 68, 92, 98, 103, 108]
  Syntax Fixed = 1 
[65]
  Cleaned Fixed = 0 
[]
  codebleu = 76.77 
[0.6728230800934798, 0.8505702153233261, 0.6601281703247908, 0.47166395418323315, 0.6831708548501114, 0.9411542454583528, 0.8674433454759134, 0.8300638244826566, 0.575055558283563, 0.68965030200429, 0.7714650156104186, 0.8068413656728535, 0.6222726626071706, 0.7768711691119308, 0.6883720951974961, 0.831676965115411, 0.8856389378075658, 0.6413921957402942, 0.7443181170763433, 0.8884573785188872, 0.7811422794173712, 0.583933634540305, 0.9204219587780458, 1.0, 0.8234479137638847, 0.6508693332230462, 0.4545507520171642, 1.0, 0.6853803599169206, 1.0, 0.7896354401872717, 0.8808919461147899, 0.7420541780659815, 0.8231560738418289, 0.8962096929024133, 0.8773104352365284, 0.8703246706459902, 0.7507982187182929, 0.9142445273649933, 0.7093853536262804, 0.788050295413492, 0.7572098935987482, 0.8548397899287874, 0.4740532618616287, 0.39686614731832626, 0.7715012035371895, 0.8077895563342797, 0.8782734899756608, 0.549916846856608, 0.7205089220380079, 0.9309470682699423, 0.7549669674736412, 1.0, 0.5911195501972704, 0.8022604263379136, 0.5117566728908322, 0.8923125000332248, 0.6939112308588368, 0.7042953619649426, 1.0, 0.845087053073633, 0.2599906717142791, 0.6356257812621184, 0.5037077119806818, 0.947533256575573, 0.7503415008507734, 0.7531797171538064, 1.0, 0.6441425627537012, 0.5750974938187585, 0.6439391185600173, 0.3260936895813032, 0.9472873156881443, 0.676525822803221, 0.6487795790095106, 0.49150427670545643, 0.6941121750071311, 0.9056583090096291, 0.7449734989717058, 0.8912022993575596, 0.6174476289010351, 0.7318286091585733, 0.7738279988463377, 0.8358395384567638, 0.884250182279102, 0.7164493834577911, 0.8573638305228279, 0.7332519354895861, 0.8086254987195756, 0.9178662308912058, 0.8814955038434287, 1.0, 0.8594942629236695, 0.8736270526063763, 0.782053171927164, 0.8934863054803268, 0.8789801838086921, 1.0, 0.7884485258508804, 0.8385834949297515, 0.7225931341121177, 0.878865255109752, 0.9399649879642329, 0.610067068626702, 0.8300101016746005, 0.8631855387221548, 0.621240758456996, 1.0, 0.7243849758480987]

RQ1_final/bugsinpy/finetune_codet5p_220m
  Exact Fixed = 10 
[21, 24, 28, 30, 53, 60, 68, 92, 98, 99]
  Syntax Fixed = 2 
[65, 108]
  Cleaned Fixed = 0 
[]
  codebleu = 76.85 
[0.6243685346389344, 0.8505702153233261, 0.7504067254288294, 0.4500690462517839, 0.6649907410108662, 0.9411542454583528, 0.7929515500421658, 0.8300638244826566, 0.5398506915974657, 0.68965030200429, 0.7714650156104186, 0.8068413656728535, 0.6222726626071706, 0.7768711691119308, 0.6883720951974961, 0.7991339572155836, 0.8856389378075658, 0.6902260446833343, 0.7443181170763433, 0.8884573785188872, 1.0, 0.7520456315632097, 0.9204219587780458, 1.0, 0.8234479137638847, 0.6508693332230462, 0.46747940266744004, 1.0, 0.6572445355224623, 1.0, 0.7896354401872717, 0.8808919461147899, 0.7420541780659815, 0.8231560738418289, 0.8962096929024133, 0.8773104352365284, 0.8744879458107344, 0.7507982187182929, 0.9142445273649933, 0.7093853536262804, 0.7313821813372119, 0.7572098935987482, 0.8548397899287874, 0.47023920702357114, 0.5906911079082992, 0.7715012035371895, 0.8077895563342797, 0.8782734899756608, 0.5366708791146726, 0.5461318783364358, 0.852517202120436, 0.6799132416128248, 1.0, 0.5911195501972704, 0.8022604263379136, 0.5117566728908322, 0.9085800872774439, 0.6453734378255573, 0.7042953619649426, 1.0, 0.845087053073633, 0.30225460080690264, 0.6356257812621184, 0.5037077119806818, 0.947533256575573, 0.7180422604350772, 0.7501295440364866, 1.0, 0.6441425627537012, 0.5089224769839813, 0.6439391185600173, 0.28190769836835106, 0.9472873156881443, 0.676525822803221, 0.6487795790095106, 0.49150427670545643, 0.638869337481399, 0.9056583090096291, 0.7449734989717058, 0.8912022993575596, 0.8727790091136098, 0.7318286091585733, 0.7738279988463377, 0.8358395384567638, 0.884250182279102, 0.7164493834577911, 0.8573638305228279, 0.7332519354895861, 0.8627606169106636, 0.9178662308912058, 0.8282346736174131, 1.0, 0.8594942629236695, 0.891471971382207, 0.782053171927164, 0.7564468905098681, 0.8789801838086921, 1.0, 1.0, 0.8385834949297515, 0.7225931341121177, 0.878865255109752, 0.9520492217298435, 0.5060250431836375, 0.8300101016746005, 0.8631855387221548, 0.621240758456996, 0.940101844638672, 0.7243849758480987]

RQ1_final/bugsinpy/hard1_codet5p_770m
  Exact Fixed = 15 
[7, 21, 24, 28, 30, 53, 68, 73, 89, 98, 99, 102, 103, 107, 108]
  Syntax Fixed = 2 
[57, 60]
  Cleaned Fixed = 0 
[]
  codebleu = 76.48 
[0.6728230800934798, 0.8505702153233261, 0.6572273189739298, 0.47166395418323315, 0.6831708548501114, 0.9411542454583528, 1.0, 0.8300638244826566, 0.5571314709024371, 0.8031190135614685, 0.6567429270683093, 0.7398658182365634, 0.8475864225311183, 0.7768711691119308, 0.6883720951974961, 0.8971695160234401, 0.8856389378075658, 0.8642706682188466, 0.5026205652589268, 0.7132642165763982, 1.0, 0.499004885562082, 0.9204219587780458, 1.0, 0.8234479137638847, 0.6508693332230462, 0.4545507520171642, 1.0, 0.7053894038892353, 1.0, 0.7896354401872717, 0.8808919461147899, 0.6696934741811987, 0.8231560738418289, 0.8962096929024133, 0.8773104352365284, 0.8703246706459902, 0.7507982187182929, 0.9142445273649933, 0.7093853536262804, 0.688330309705379, 0.5631827632820978, 0.8548397899287874, 0.5618853980013011, 0.4596369305447658, 0.7715012035371895, 0.8077895563342797, 0.8532829292827493, 0.5096459235458725, 0.7205089220380079, 0.9309470682699423, 0.8456428715515563, 1.0, 0.5911195501972704, 0.8362747318435784, 0.5117566728908322, 0.9583492948000167, 0.6939112308588368, 0.7042953619649426, 0.9021838139883462, 0.845087053073633, 0.20867343826082332, 0.7652740132249347, 0.47211566678441186, 0.5864605499750326, 0.7559584467487136, 0.7319940085727452, 1.0, 0.7308507465888202, 0.7311654993304202, 0.6222505912663583, 0.3031200238102166, 1.0, 0.676525822803221, 0.6977036054418928, 0.5011478161478186, 0.8096114788906146, 0.7673067790722553, 0.7449734989717058, 0.8912022993575596, 0.8727790091136098, 0.7318286091585733, 0.767723111687518, 0.8358395384567638, 0.884250182279102, 0.7164493834577911, 0.8093342181595082, 0.38263212391381307, 0.949504537888815, 0.9178662308912058, 0.8814955038434287, 0.8021170040829606, 0.7388721037764168, 0.8736270526063763, 0.782053171927164, 0.8934863054803268, 0.8789801838086921, 1.0, 0.9355467351067721, 0.8385834949297515, 0.7225931341121177, 1.0, 0.9399649879642329, 0.5370407592378061, 0.519101232435552, 0.5500822614271637, 1.0, 1.0, 0.7243849758480987]

RQ1_final/bugsinpy/hard6_codet5p_770m
  Exact Fixed = 11 
[7, 21, 24, 28, 30, 53, 68, 92, 98, 99, 102]
  Syntax Fixed = 3 
[60, 65, 103]
  Cleaned Fixed = 0 
[]
  codebleu = 76.21 
[0.6728230800934798, 0.8834124216164225, 0.6601281703247908, 0.47166395418323315, 0.6913513004703498, 0.9411542454583528, 1.0, 0.8300638244826566, 0.5571314709024371, 0.7953587603777192, 0.7714650156104186, 0.8068413656728535, 0.6572726626071705, 0.7768711691119308, 0.6883720951974961, 0.8971695160234401, 0.8856389378075658, 0.6413921957402942, 0.7443181170763433, 0.8884573785188872, 1.0, 0.583933634540305, 0.9204219587780458, 1.0, 0.8234479137638847, 0.6508693332230462, 0.4545507520171642, 1.0, 0.6853803599169206, 1.0, 0.7896354401872717, 0.8808919461147899, 0.7420541780659815, 0.8231560738418289, 0.8962096929024133, 0.8773104352365284, 0.8703246706459902, 0.7507982187182929, 0.9142445273649933, 0.7093853536262804, 0.688330309705379, 0.7572098935987482, 0.714747129609931, 0.4740532618616287, 0.39686614731832626, 0.7715012035371895, 0.8077895563342797, 0.8782734899756608, 0.549916846856608, 0.6426086835827123, 0.5952510135544566, 0.7549669674736412, 1.0, 0.5911195501972704, 0.8362747318435784, 0.5117566728908322, 0.2374355339379376, 0.6939112308588368, 0.7042953619649426, 0.9021838139883462, 0.845087053073633, 0.20867343826082332, 0.6026966865919932, 0.5037077119806818, 0.947533256575573, 0.7672847600751869, 0.7319940085727452, 1.0, 0.6441425627537012, 0.5750974938187585, 0.6439391185600173, 0.3031200238102166, 0.9472873156881443, 0.676525822803221, 0.6675881054170294, 0.49150427670545643, 0.8096114788906146, 0.9056583090096291, 0.7449734989717058, 0.8912022993575596, 0.8727790091136098, 0.7318286091585733, 0.7738279988463377, 0.8358395384567638, 0.884250182279102, 0.7164493834577911, 0.8573638305228279, 0.7332519354895861, 0.8086254987195756, 0.9178662308912058, 0.8814955038434287, 1.0, 0.7388721037764168, 0.8736270526063763, 0.782053171927164, 0.8934863054803268, 0.8789801838086921, 1.0, 0.9355467351067721, 0.761636488433487, 0.7225931341121177, 1.0, 0.8872184671288157, 0.610067068626702, 0.8300101016746005, 0.8631855387221548, 0.621240758456996, 0.8840742273066922, 0.7243849758480987]

RQ1_final/bugsinpy/hard2_codet5p_220m
  Exact Fixed = 12 
[21, 24, 28, 30, 52, 53, 68, 92, 98, 99, 103, 108]
  Syntax Fixed = 2 
[7, 65]
  Cleaned Fixed = 0 
[]
  codebleu = 76.75 
[0.6728230800934798, 0.8505702153233261, 0.6601281703247908, 0.47166395418323315, 0.7381684490594698, 0.9411542454583528, 0.9543920430664012, 0.7953063269679879, 0.5190914280385797, 0.68965030200429, 0.7714650156104186, 0.7002191367130445, 0.7733604490538593, 0.7768711691119308, 0.6883720951974961, 0.8971695160234401, 0.8856389378075658, 0.6413921957402942, 0.7443181170763433, 0.8884573785188872, 1.0, 0.583933634540305, 0.9204219587780458, 1.0, 0.8234479137638847, 0.6508693332230462, 0.4545507520171642, 1.0, 0.7110837109209384, 1.0, 0.7896354401872717, 0.8808919461147899, 0.7420541780659815, 0.8231560738418289, 0.8962096929024133, 0.8773104352365284, 0.8703246706459902, 0.7507982187182929, 0.9142445273649933, 0.7093853536262804, 0.7313821813372119, 0.7572098935987482, 0.8548397899287874, 0.47275409118143114, 0.46694054865928003, 0.7715012035371895, 0.8077895563342797, 0.8797024133033831, 0.549916846856608, 0.7205089220380079, 0.9309470682699423, 1.0, 1.0, 0.5911195501972704, 0.8022604263379136, 0.5117566728908322, 0.8923125000332248, 0.6939112308588368, 0.7042953619649426, 0.860117164263619, 0.845087053073633, 0.20867343826082332, 0.7171549568305972, 0.5037077119806818, 0.947533256575573, 0.7503415008507734, 0.7531797171538064, 1.0, 0.6441425627537012, 0.5750974938187585, 0.22305915601827014, 0.3031200238102166, 0.9472873156881443, 0.676525822803221, 0.6487795790095106, 0.49150427670545643, 0.8096114788906146, 0.9056583090096291, 0.7449734989717058, 0.8912022993575596, 0.6174476289010351, 0.7318286091585733, 0.7738279988463377, 0.8358395384567638, 0.884250182279102, 0.7164493834577911, 0.8573638305228279, 0.7332519354895861, 0.7387832709592184, 0.9178662308912058, 0.8814955038434287, 1.0, 0.7681899150975824, 0.8736270526063763, 0.782053171927164, 0.8934863054803268, 0.8789801838086921, 1.0, 0.9355467351067721, 0.8385834949297515, 0.7225931341121177, 0.878865255109752, 0.9399649879642329, 0.610067068626702, 0.5803135373863274, 0.8631855387221548, 0.6304258413909241, 1.0, 0.7243849758480987]

RQ1_final/bugsinpy/hard5_codet5p_220m
  Exact Fixed = 11 
[21, 24, 28, 30, 53, 68, 92, 98, 99, 103, 108]
  Syntax Fixed = 2 
[2, 60]
  Cleaned Fixed = 0 
[]
  codebleu = 76.6 
[0.6728230800934798, 0.9500790882830892, 0.6601281703247908, 0.4500690462517839, 0.6400474918268007, 0.9411542454583528, 0.7402761867389394, 0.8300638244826566, 0.575055558283563, 0.68965030200429, 0.7714650156104186, 0.8068413656728535, 0.5579919444499759, 0.7768711691119308, 0.6883720951974961, 0.8971695160234401, 0.8856389378075658, 0.6413921957402942, 0.7443181170763433, 0.8884573785188872, 1.0, 0.583933634540305, 0.9204219587780458, 1.0, 0.8234479137638847, 0.6508693332230462, 0.4545507520171642, 1.0, 0.6853803599169206, 1.0, 0.7896354401872717, 0.8808919461147899, 0.7420541780659815, 0.8231560738418289, 0.8962096929024133, 0.8773104352365284, 0.8703246706459902, 0.7507982187182929, 0.9142445273649933, 0.7093853536262804, 0.788050295413492, 0.5011351702903706, 0.8548397899287874, 0.4740532618616287, 0.46694054865928003, 0.7715012035371895, 0.8077895563342797, 0.8782734899756608, 0.549916846856608, 0.7205089220380079, 0.8484585607242681, 0.6954672286149212, 1.0, 0.5911195501972704, 0.8022604263379136, 0.5117566728908322, 0.8923125000332248, 0.6939112308588368, 0.7042953619649426, 0.9021838139883462, 0.845087053073633, 0.20867343826082332, 0.6356257812621184, 0.5037077119806818, 0.8475332565755729, 0.7186573929104693, 0.7531797171538064, 1.0, 0.6441425627537012, 0.5750974938187585, 0.6439391185600173, 0.3031200238102166, 0.9472873156881443, 0.676525822803221, 0.6487795790095106, 0.49150427670545643, 0.8096114788906146, 0.9056583090096291, 0.7449734989717058, 0.8912022993575596, 0.8727790091136098, 0.7318286091585733, 0.7738279988463377, 0.8358395384567638, 0.884250182279102, 0.7164493834577911, 0.8573638305228279, 0.7332519354895861, 0.8336108571661149, 0.9178662308912058, 0.8814955038434287, 1.0, 0.7681899150975824, 0.8736270526063763, 0.782053171927164, 0.8934863054803268, 0.8789801838086921, 1.0, 0.9355467351067721, 0.8385834949297515, 0.7225931341121177, 0.878865255109752, 0.9399649879642329, 0.610067068626702, 0.6907650897406862, 0.8631855387221548, 0.621240758456996, 1.0, 0.7243849758480987]

RQ1_final/bugsinpy/hard0_codet5p_770m
  Exact Fixed = 17 
[7, 21, 24, 28, 30, 53, 57, 60, 68, 70, 73, 89, 98, 99, 102, 103, 107]
  Syntax Fixed = 1 
[108]
  Cleaned Fixed = 0 
[]
  codebleu = 77.93 
[0.6728230800934798, 0.7705140023181007, 0.6601281703247908, 0.47166395418323315, 0.8052050509144788, 0.9411542454583528, 1.0, 0.8300638244826566, 0.5571314709024371, 0.7953587603777192, 0.7714650156104186, 0.6970086753794206, 0.8387450644384746, 0.7768711691119308, 0.6883720951974961, 0.8971695160234401, 0.8856389378075658, 0.8642706682188466, 0.7443181170763433, 0.7132642165763982, 1.0, 0.583933634540305, 0.9204219587780458, 1.0, 0.8234479137638847, 0.6508693332230462, 0.4545507520171642, 1.0, 0.6853803599169206, 1.0, 0.7896354401872717, 0.8808919461147899, 0.6839706733077077, 0.8231560738418289, 0.8962096929024133, 0.8773104352365284, 0.8703246706459902, 0.7507982187182929, 0.9142445273649933, 0.7093853536262804, 0.7313821813372119, 0.62327537336927, 0.8548397899287874, 0.4740532618616287, 0.6038577745749659, 0.7715012035371895, 0.8077895563342797, 0.8782734899756608, 0.549916846856608, 0.7205089220380079, 0.9309470682699423, 0.7770728496235135, 1.0, 0.5911195501972704, 0.8362747318435784, 0.5117566728908322, 0.9847962409659572, 0.6939112308588368, 0.7042953619649426, 1.0, 0.8151727098711423, 0.2599906717142791, 0.7652740132249347, 0.5037077119806818, 0.5615947181324565, 0.7559584467487136, 0.7319940085727452, 1.0, 0.5001512710489533, 1.0, 0.6439391185600173, 0.3031200238102166, 1.0, 0.676525822803221, 0.6487795790095106, 0.49150427670545643, 0.8096114788906146, 0.9056583090096291, 0.7449734989717058, 0.8912022993575596, 0.8727790091136098, 0.7318286091585733, 0.7738279988463377, 0.8358395384567638, 0.884250182279102, 0.7164493834577911, 0.7051775280522101, 0.7332519354895861, 0.949504537888815, 0.9178662308912058, 0.6978144105231778, 0.8346354401872718, 0.7388721037764168, 0.8736270526063763, 0.782053171927164, 0.8934863054803268, 0.8789801838086921, 1.0, 0.9355467351067721, 0.8385834949297515, 0.6929596308106278, 1.0, 0.9399649879642329, 0.610067068626702, 0.8300101016746005, 0.8631855387221548, 1.0, 0.940101844638672, 0.7243849758480987]

RQ1_final/bugsinpy/soft1_codet5p_770m
  Exact Fixed = 16 
[7, 24, 28, 30, 53, 57, 68, 70, 73, 89, 98, 99, 102, 103, 107, 108]
  Syntax Fixed = 2 
[60, 92]
  Cleaned Fixed = 0 
[]
  codebleu = 75.95 
[0.6728230800934798, 0.8505702153233261, 0.6601281703247908, 0.3806640923742747, 0.8052050509144788, 0.9411542454583528, 1.0, 0.8300638244826566, 0.5571314709024371, 0.7953587603777192, 0.6203065980916509, 0.8068413656728535, 0.6572726626071705, 0.7768711691119308, 0.6883720951974961, 0.8971695160234401, 0.8856389378075658, 0.8642706682188466, 0.2620098560056397, 0.7132642165763982, 0.7811422794173712, 0.5138042086143192, 0.9204219587780458, 1.0, 0.8234479137638847, 0.6508693332230462, 0.4545507520171642, 1.0, 0.6853803599169206, 1.0, 0.8754092712592991, 0.8808919461147899, 0.6729855785681763, 0.8036453284640133, 0.8962096929024133, 0.8773104352365284, 0.8703246706459902, 0.1341270532804973, 0.9142445273649933, 0.7093853536262804, 0.7313821813372119, 0.6472939963727664, 0.7284437402228385, 0.5476431965885501, 0.6242275051672941, 0.5976301703621436, 0.8077895563342797, 0.8782734899756608, 0.549916846856608, 0.7205089220380079, 0.8314813303154305, 0.7999468814633296, 1.0, 0.6296065997385977, 0.8362747318435784, 0.5117566728908322, 0.9847962409659572, 0.6939112308588368, 0.5844803074896427, 0.9054803697064888, 0.845087053073633, 0.2599906717142791, 0.6026966865919932, 0.5272683700919616, 0.5615947181324565, 0.7682891360899997, 0.7531797171538064, 1.0, 0.6441425627537012, 1.0, 0.6462541125586169, 0.3031200238102166, 1.0, 0.676525822803221, 0.3700129535699469, 0.57439208387117, 0.8096114788906146, 0.9056583090096291, 0.7449734989717058, 0.8912022993575596, 0.6174476289010351, 0.7004272245831431, 0.7116505792780963, 0.8358395384567638, 0.884250182279102, 0.7164493834577911, 0.8573638305228279, 0.7332519354895861, 0.949504537888815, 0.9178662308912058, 0.8814955038434287, 0.8654461922275154, 0.7388721037764168, 0.8736270526063763, 0.782053171927164, 0.8934863054803268, 0.8789801838086921, 1.0, 0.9355467351067721, 0.8038883770438103, 0.7225931341121177, 1.0, 0.9399649879642329, 0.697582950411962, 0.8300101016746005, 0.693770278178093, 1.0, 1.0, 0.6970447926250531]

RQ1_final/bugsinpy/soft6_codet5p_770m
  Exact Fixed = 16 
[7, 21, 24, 28, 30, 52, 53, 57, 60, 62, 68, 92, 98, 99, 102, 103]
  Syntax Fixed = 1 
[65]
  Cleaned Fixed = 0 
[]
  codebleu = 76.82 
[0.6728230800934798, 0.8505702153233261, 0.18323117391556848, 0.36880812213692604, 0.8052050509144788, 0.9004237911554711, 1.0, 0.7887340308776575, 0.5571314709024371, 0.7953587603777192, 0.572911811747898, 0.8239840614864851, 0.6310821864166943, 0.7768711691119308, 0.6883720951974961, 0.8971695160234401, 0.8856389378075658, 0.8642706682188466, 0.7443181170763433, 0.7132642165763982, 1.0, 0.583933634540305, 0.9204219587780458, 1.0, 0.8234479137638847, 0.6508693332230462, 0.4545507520171642, 1.0, 0.6853803599169206, 1.0, 0.7896354401872717, 0.8808919461147899, 0.7420541780659815, 0.8231560738418289, 0.8962096929024133, 0.8773104352365284, 0.8703246706459902, 0.7507982187182929, 0.9142445273649933, 0.7093853536262804, 0.7313821813372119, 0.7572098935987482, 0.22775272594080592, 0.642918699566152, 0.6038577745749659, 0.40220703819106063, 0.8077895563342797, 0.8782734899756608, 0.5096459235458725, 0.7205089220380079, 0.9309470682699423, 1.0, 1.0, 0.5911195501972704, 0.8362747318435784, 0.5117566728908322, 0.9847962409659572, 0.5767084530894689, 0.7042953619649426, 1.0, 0.845087053073633, 1.0, 0.7652740132249347, 0.5037077119806818, 0.947533256575573, 0.7516692868239201, 0.722095669095921, 1.0, 0.6164472154790825, 0.7311654993304202, 0.6439391185600173, 0.3031200238102166, 0.9472873156881443, 0.676525822803221, 0.6983726410408883, 0.49150427670545643, 0.8096114788906146, 0.7779853689231081, 0.7449734989717058, 0.8912022993575596, 0.6174476289010351, 0.5981968845254106, 0.767723111687518, 0.7482355723320561, 0.884250182279102, 0.7164493834577911, 0.8152209733799707, 0.7332519354895861, 0.8336108571661149, 0.7720329240224837, 0.8814955038434287, 1.0, 0.8594942629236695, 0.8736270526063763, 0.782053171927164, 0.8934863054803268, 0.8789801838086921, 1.0, 0.9355467351067721, 0.7826011403645875, 0.7225931341121177, 1.0, 0.9399649879642329, 0.610067068626702, 0.7793778739518044, 0.8631855387221548, 0.6639070091513721, 0.8840742273066922, 0.7243849758480987]

RQ1_final/bugsinpy/soft4_codet5p_220m
  Exact Fixed = 18 
[7, 21, 24, 28, 30, 52, 53, 57, 60, 68, 70, 92, 98, 99, 102, 103, 107, 108]
  Syntax Fixed = 0 
[]
  Cleaned Fixed = 0 
[]
  codebleu = 76.78 
[0.6728230800934798, 0.8505702153233261, 0.6601281703247908, 0.34546408284362085, 0.6831708548501114, 0.9411542454583528, 1.0, 0.7953063269679879, 0.5571314709024371, 0.68965030200429, 0.7714650156104186, 0.7398658182365634, 0.7478035692061669, 0.7768711691119308, 0.6883720951974961, 0.8971695160234401, 0.8856389378075658, 0.6413921957402942, 0.7443181170763433, 0.7667711001387134, 1.0, 0.583933634540305, 0.9204219587780458, 1.0, 0.8672809056911601, 0.6508693332230462, 0.4545507520171642, 1.0, 0.7217017872886777, 1.0, 0.7896354401872717, 0.8808919461147899, 0.7520541780659815, 0.8231560738418289, 0.8962096929024133, 0.8773104352365284, 0.8703246706459902, 0.3980938065871876, 0.9142445273649933, 0.7093853536262804, 0.7313821813372119, 0.5824086468800471, 0.8548397899287874, 0.383730243906797, 0.39686614731832626, 0.7715012035371895, 0.8077895563342797, 0.8782734899756608, 0.549916846856608, 0.7205089220380079, 0.5586903346173077, 1.0, 1.0, 0.5911195501972704, 0.8022604263379136, 0.5117566728908322, 0.9847962409659572, 0.6939112308588368, 0.7042953619649426, 1.0, 0.845087053073633, 0.18285014628007787, 0.6356257812621184, 0.5037077119806818, 0.8475332565755729, 0.7672847600751869, 0.7531797171538064, 1.0, 0.7105495444909284, 1.0, 0.6439391185600173, 0.3031200238102166, 0.8472873156881442, 0.676525822803221, 0.6487795790095106, 0.49150427670545643, 0.8096114788906146, 0.7779853689231081, 0.7449734989717058, 0.8912022993575596, 0.6174476289010351, 0.7318286091585733, 0.767723111687518, 0.8358395384567638, 0.884250182279102, 0.7164493834577911, 0.8573638305228279, 0.7332519354895861, 0.8336108571661149, 0.9178662308912058, 0.8814955038434287, 1.0, 0.7681899150975824, 0.8736270526063763, 0.782053171927164, 0.8934863054803268, 0.8789801838086921, 1.0, 0.9355467351067721, 0.8385834949297515, 0.7225931341121177, 1.0, 0.9399649879642329, 0.610067068626702, 0.631282340524122, 0.8631855387221548, 1.0, 1.0, 0.6006162211964817]

RQ1_final/bugsinpy/soft3_codet5p_220m
  Exact Fixed = 18 
[7, 21, 24, 28, 30, 52, 53, 57, 60, 68, 70, 92, 98, 99, 102, 103, 107, 108]
  Syntax Fixed = 0 
[]
  Cleaned Fixed = 0 
[]
  codebleu = 76.78 
[0.6728230800934798, 0.8505702153233261, 0.6601281703247908, 0.34546408284362085, 0.6831708548501114, 0.9411542454583528, 1.0, 0.7953063269679879, 0.5571314709024371, 0.68965030200429, 0.7714650156104186, 0.7398658182365634, 0.7478035692061669, 0.7768711691119308, 0.6883720951974961, 0.8971695160234401, 0.8856389378075658, 0.6413921957402942, 0.7443181170763433, 0.7667711001387134, 1.0, 0.583933634540305, 0.9204219587780458, 1.0, 0.8672809056911601, 0.6508693332230462, 0.4545507520171642, 1.0, 0.7217017872886777, 1.0, 0.7896354401872717, 0.8808919461147899, 0.7520541780659815, 0.8231560738418289, 0.8962096929024133, 0.8773104352365284, 0.8703246706459902, 0.3980938065871876, 0.9142445273649933, 0.7093853536262804, 0.7313821813372119, 0.5824086468800471, 0.8548397899287874, 0.383730243906797, 0.39686614731832626, 0.7715012035371895, 0.8077895563342797, 0.8782734899756608, 0.549916846856608, 0.7205089220380079, 0.5586903346173077, 1.0, 1.0, 0.5911195501972704, 0.8022604263379136, 0.5117566728908322, 0.9847962409659572, 0.6939112308588368, 0.7042953619649426, 1.0, 0.845087053073633, 0.18285014628007787, 0.6356257812621184, 0.5037077119806818, 0.8475332565755729, 0.7672847600751869, 0.7531797171538064, 1.0, 0.7105495444909284, 1.0, 0.6439391185600173, 0.3031200238102166, 0.8472873156881442, 0.676525822803221, 0.6487795790095106, 0.49150427670545643, 0.8096114788906146, 0.7779853689231081, 0.7449734989717058, 0.8912022993575596, 0.6174476289010351, 0.7318286091585733, 0.767723111687518, 0.8358395384567638, 0.884250182279102, 0.7164493834577911, 0.8573638305228279, 0.7332519354895861, 0.8336108571661149, 0.9178662308912058, 0.8814955038434287, 1.0, 0.7681899150975824, 0.8736270526063763, 0.782053171927164, 0.8934863054803268, 0.8789801838086921, 1.0, 0.9355467351067721, 0.8385834949297515, 0.7225931341121177, 1.0, 0.9399649879642329, 0.610067068626702, 0.631282340524122, 0.8631855387221548, 1.0, 1.0, 0.6006162211964817]

RQ1_final/bugsinpy/soft0_codet5p_770m
  Exact Fixed = 17 
[7, 24, 28, 30, 52, 53, 57, 68, 70, 73, 89, 98, 99, 102, 103, 107, 108]
  Syntax Fixed = 1 
[60]
  Cleaned Fixed = 0 
[]
  codebleu = 76.11 
[0.6728230800934798, 0.8198883971415079, 0.6601281703247908, 0.47166395418323315, 0.8052050509144788, 0.9411542454583528, 1.0, 0.8078073654022788, 0.5571314709024371, 0.7953587603777192, 0.4945163916068267, 0.7398658182365634, 0.6211228806704838, 0.7768711691119308, 0.6883720951974961, 0.8971695160234401, 0.44062338201948564, 0.8642706682188466, 0.40377329096334424, 0.7132642165763982, 0.7811422794173712, 0.583933634540305, 0.9204219587780458, 1.0, 0.8234479137638847, 0.6508693332230462, 0.4545507520171642, 1.0, 0.7110837109209384, 1.0, 0.8754092712592991, 0.8808919461147899, 0.7420541780659815, 0.8231560738418289, 0.8962096929024133, 0.8773104352365284, 0.8703246706459902, 0.6166533539875096, 0.9142445273649933, 0.7093853536262804, 0.788050295413492, 0.5237852724328065, 0.8548397899287874, 0.413730243906797, 0.4975023810251114, 0.7715012035371895, 0.4729172814165737, 0.8782734899756608, 0.549916846856608, 0.7205089220380079, 0.8469056278543927, 1.0, 1.0, 0.6296065997385977, 0.8362747318435784, 0.5117566728908322, 0.9847962409659572, 0.5767084530894689, 0.7042953619649426, 0.9054803697064888, 0.8151727098711423, 0.20867343826082332, 0.6887359630696454, 0.40243720826630913, 0.5615947181324565, 0.731013337638589, 0.7531797171538064, 1.0, 0.6441425627537012, 1.0, 0.6462541125586169, 0.1373953031113316, 1.0, 0.676525822803221, 0.7039263125296953, 0.57439208387117, 0.8096114788906146, 0.9056583090096291, 0.7449734989717058, 0.8912022993575596, 0.8727790091136098, 0.8291894603247187, 0.767723111687518, 0.8358395384567638, 0.884250182279102, 0.7164493834577911, 0.8573638305228279, 0.7332519354895861, 0.949504537888815, 0.9178662308912058, 0.8814955038434287, 0.8346354401872718, 0.8594942629236695, 0.8736270526063763, 0.782053171927164, 0.8934863054803268, 0.6379087592365784, 1.0, 0.9355467351067721, 0.8054823549932149, 0.7225931341121177, 1.0, 0.9399649879642329, 0.610067068626702, 0.5721548230092108, 0.8631855387221548, 1.0, 1.0, 0.7243849758480987]

RQ1_final/bugsinpy/soft2_codet5p_220m
  Exact Fixed = 18 
[7, 21, 24, 28, 30, 52, 53, 57, 60, 68, 70, 92, 98, 99, 102, 103, 107, 108]
  Syntax Fixed = 0 
[]
  Cleaned Fixed = 0 
[]
  codebleu = 76.78 
[0.6728230800934798, 0.8505702153233261, 0.6601281703247908, 0.34546408284362085, 0.6831708548501114, 0.9411542454583528, 1.0, 0.7953063269679879, 0.5571314709024371, 0.68965030200429, 0.7714650156104186, 0.7398658182365634, 0.7478035692061669, 0.7768711691119308, 0.6883720951974961, 0.8971695160234401, 0.8856389378075658, 0.6413921957402942, 0.7443181170763433, 0.7667711001387134, 1.0, 0.583933634540305, 0.9204219587780458, 1.0, 0.8672809056911601, 0.6508693332230462, 0.4545507520171642, 1.0, 0.7217017872886777, 1.0, 0.7896354401872717, 0.8808919461147899, 0.7520541780659815, 0.8231560738418289, 0.8962096929024133, 0.8773104352365284, 0.8703246706459902, 0.3980938065871876, 0.9142445273649933, 0.7093853536262804, 0.7313821813372119, 0.5824086468800471, 0.8548397899287874, 0.383730243906797, 0.39686614731832626, 0.7715012035371895, 0.8077895563342797, 0.8782734899756608, 0.549916846856608, 0.7205089220380079, 0.5586903346173077, 1.0, 1.0, 0.5911195501972704, 0.8022604263379136, 0.5117566728908322, 0.9847962409659572, 0.6939112308588368, 0.7042953619649426, 1.0, 0.845087053073633, 0.18285014628007787, 0.6356257812621184, 0.5037077119806818, 0.8475332565755729, 0.7672847600751869, 0.7531797171538064, 1.0, 0.7105495444909284, 1.0, 0.6439391185600173, 0.3031200238102166, 0.8472873156881442, 0.676525822803221, 0.6487795790095106, 0.49150427670545643, 0.8096114788906146, 0.7779853689231081, 0.7449734989717058, 0.8912022993575596, 0.6174476289010351, 0.7318286091585733, 0.767723111687518, 0.8358395384567638, 0.884250182279102, 0.7164493834577911, 0.8573638305228279, 0.7332519354895861, 0.8336108571661149, 0.9178662308912058, 0.8814955038434287, 1.0, 0.7681899150975824, 0.8736270526063763, 0.782053171927164, 0.8934863054803268, 0.8789801838086921, 1.0, 0.9355467351067721, 0.8385834949297515, 0.7225931341121177, 1.0, 0.9399649879642329, 0.610067068626702, 0.631282340524122, 0.8631855387221548, 1.0, 1.0, 0.6006162211964817]

RQ1_final/bugsinpy/soft5_codet5p_220m
  Exact Fixed = 14 
[7, 21, 24, 28, 30, 52, 53, 57, 68, 92, 98, 99, 102, 103]
  Syntax Fixed = 1 
[108]
  Cleaned Fixed = 0 
[]
  codebleu = 76.4 
[0.6728230800934798, 0.8834124216164225, 0.6601281703247908, 0.47166395418323315, 0.8052050509144788, 0.9411542454583528, 1.0, 0.8300638244826566, 0.5571314709024371, 0.7953587603777192, 0.7714650156104186, 0.6970086753794206, 0.6572726626071705, 0.7768711691119308, 0.6883720951974961, 0.8971695160234401, 0.8856389378075658, 0.6413921957402942, 0.7443181170763433, 0.8884573785188872, 1.0, 0.583933634540305, 0.9204219587780458, 1.0, 0.8234479137638847, 0.6508693332230462, 0.4545507520171642, 1.0, 0.7217017872886777, 1.0, 0.8754092712592991, 0.8808919461147899, 0.7420541780659815, 0.8231560738418289, 0.8962096929024133, 0.8773104352365284, 0.8703246706459902, 0.46125978072022955, 0.9142445273649933, 0.7093853536262804, 0.6991468984827918, 0.5092129592647185, 0.8548397899287874, 0.4740532618616287, 0.5921911079082992, 0.7715012035371895, 0.8077895563342797, 0.8782734899756608, 0.549916846856608, 0.7205089220380079, 0.9309470682699423, 1.0, 1.0, 0.5911195501972704, 0.7724513953583305, 0.5117566728908322, 0.9847962409659572, 0.6939112308588368, 0.7042953619649426, 0.860117164263619, 0.845087053073633, 0.2599906717142791, 0.6356257812621184, 0.5037077119806818, 0.8475332565755729, 0.7503415008507734, 0.7531797171538064, 1.0, 0.6441425627537012, 0.5750974938187585, 0.6439391185600173, 0.3031200238102166, 0.8472873156881442, 0.676525822803221, 0.6487795790095106, 0.49150427670545643, 0.8096114788906146, 0.9056583090096291, 0.7449734989717058, 0.8912022993575596, 0.6174476289010351, 0.6408498901229449, 0.767723111687518, 0.8358395384567638, 0.884250182279102, 0.7164493834577911, 0.8573638305228279, 0.42650534547698615, 0.8336108571661149, 0.9178662308912058, 0.8814955038434287, 1.0, 0.7681899150975824, 0.8736270526063763, 0.782053171927164, 0.8928766700547339, 0.8789801838086921, 1.0, 0.9355467351067721, 0.8385834949297515, 0.7225931341121177, 1.0, 0.9399649879642329, 0.610067068626702, 0.631282340524122, 0.5788186931493522, 0.6231681975451538, 0.940101844638672, 0.7243849758480987]

RQ1_final/bugsinpy/soft2_codet5p_770m
  Exact Fixed = 16 
[7, 21, 24, 28, 30, 52, 53, 57, 60, 62, 68, 92, 98, 99, 102, 103]
  Syntax Fixed = 1 
[65]
  Cleaned Fixed = 0 
[]
  codebleu = 76.82 
[0.6728230800934798, 0.8505702153233261, 0.18323117391556848, 0.36880812213692604, 0.8052050509144788, 0.9004237911554711, 1.0, 0.7887340308776575, 0.5571314709024371, 0.7953587603777192, 0.572911811747898, 0.8239840614864851, 0.6310821864166943, 0.7768711691119308, 0.6883720951974961, 0.8971695160234401, 0.8856389378075658, 0.8642706682188466, 0.7443181170763433, 0.7132642165763982, 1.0, 0.583933634540305, 0.9204219587780458, 1.0, 0.8234479137638847, 0.6508693332230462, 0.4545507520171642, 1.0, 0.6853803599169206, 1.0, 0.7896354401872717, 0.8808919461147899, 0.7420541780659815, 0.8231560738418289, 0.8962096929024133, 0.8773104352365284, 0.8703246706459902, 0.7507982187182929, 0.9142445273649933, 0.7093853536262804, 0.7313821813372119, 0.7572098935987482, 0.22775272594080592, 0.642918699566152, 0.6038577745749659, 0.40220703819106063, 0.8077895563342797, 0.8782734899756608, 0.5096459235458725, 0.7205089220380079, 0.9309470682699423, 1.0, 1.0, 0.5911195501972704, 0.8362747318435784, 0.5117566728908322, 0.9847962409659572, 0.5767084530894689, 0.7042953619649426, 1.0, 0.845087053073633, 1.0, 0.7652740132249347, 0.5037077119806818, 0.947533256575573, 0.7516692868239201, 0.722095669095921, 1.0, 0.6164472154790825, 0.7311654993304202, 0.6439391185600173, 0.3031200238102166, 0.9472873156881443, 0.676525822803221, 0.6983726410408883, 0.49150427670545643, 0.8096114788906146, 0.7779853689231081, 0.7449734989717058, 0.8912022993575596, 0.6174476289010351, 0.5981968845254106, 0.767723111687518, 0.7482355723320561, 0.884250182279102, 0.7164493834577911, 0.8152209733799707, 0.7332519354895861, 0.8336108571661149, 0.7720329240224837, 0.8814955038434287, 1.0, 0.8594942629236695, 0.8736270526063763, 0.782053171927164, 0.8934863054803268, 0.8789801838086921, 1.0, 0.9355467351067721, 0.7826011403645875, 0.7225931341121177, 1.0, 0.9399649879642329, 0.610067068626702, 0.7793778739518044, 0.8631855387221548, 0.6639070091513721, 0.8840742273066922, 0.7243849758480987]

RQ1_final/bugsinpy/soft5_codet5p_770m
  Exact Fixed = 17 
[7, 24, 28, 30, 52, 53, 57, 68, 70, 73, 89, 98, 99, 102, 103, 107, 108]
  Syntax Fixed = 1 
[60]
  Cleaned Fixed = 0 
[]
  codebleu = 76.11 
[0.6728230800934798, 0.8198883971415079, 0.6601281703247908, 0.47166395418323315, 0.8052050509144788, 0.9411542454583528, 1.0, 0.8078073654022788, 0.5571314709024371, 0.7953587603777192, 0.4945163916068267, 0.7398658182365634, 0.6211228806704838, 0.7768711691119308, 0.6883720951974961, 0.8971695160234401, 0.44062338201948564, 0.8642706682188466, 0.40377329096334424, 0.7132642165763982, 0.7811422794173712, 0.583933634540305, 0.9204219587780458, 1.0, 0.8234479137638847, 0.6508693332230462, 0.4545507520171642, 1.0, 0.7110837109209384, 1.0, 0.8754092712592991, 0.8808919461147899, 0.7420541780659815, 0.8231560738418289, 0.8962096929024133, 0.8773104352365284, 0.8703246706459902, 0.6166533539875096, 0.9142445273649933, 0.7093853536262804, 0.788050295413492, 0.5237852724328065, 0.8548397899287874, 0.413730243906797, 0.4975023810251114, 0.7715012035371895, 0.4729172814165737, 0.8782734899756608, 0.549916846856608, 0.7205089220380079, 0.8469056278543927, 1.0, 1.0, 0.6296065997385977, 0.8362747318435784, 0.5117566728908322, 0.9847962409659572, 0.5767084530894689, 0.7042953619649426, 0.9054803697064888, 0.8151727098711423, 0.20867343826082332, 0.6887359630696454, 0.40243720826630913, 0.5615947181324565, 0.731013337638589, 0.7531797171538064, 1.0, 0.6441425627537012, 1.0, 0.6462541125586169, 0.1373953031113316, 1.0, 0.676525822803221, 0.7039263125296953, 0.57439208387117, 0.8096114788906146, 0.9056583090096291, 0.7449734989717058, 0.8912022993575596, 0.8727790091136098, 0.8291894603247187, 0.767723111687518, 0.8358395384567638, 0.884250182279102, 0.7164493834577911, 0.8573638305228279, 0.7332519354895861, 0.949504537888815, 0.9178662308912058, 0.8814955038434287, 0.8346354401872718, 0.8594942629236695, 0.8736270526063763, 0.782053171927164, 0.8934863054803268, 0.6379087592365784, 1.0, 0.9355467351067721, 0.8054823549932149, 0.7225931341121177, 1.0, 0.9399649879642329, 0.610067068626702, 0.5721548230092108, 0.8631855387221548, 1.0, 1.0, 0.7243849758480987]

RQ1_final/bugsinpy/soft0_codet5p_220m
  Exact Fixed = 14 
[7, 21, 24, 28, 30, 52, 53, 57, 68, 92, 98, 99, 102, 103]
  Syntax Fixed = 1 
[108]
  Cleaned Fixed = 0 
[]
  codebleu = 76.4 
[0.6728230800934798, 0.8834124216164225, 0.6601281703247908, 0.47166395418323315, 0.8052050509144788, 0.9411542454583528, 1.0, 0.8300638244826566, 0.5571314709024371, 0.7953587603777192, 0.7714650156104186, 0.6970086753794206, 0.6572726626071705, 0.7768711691119308, 0.6883720951974961, 0.8971695160234401, 0.8856389378075658, 0.6413921957402942, 0.7443181170763433, 0.8884573785188872, 1.0, 0.583933634540305, 0.9204219587780458, 1.0, 0.8234479137638847, 0.6508693332230462, 0.4545507520171642, 1.0, 0.7217017872886777, 1.0, 0.8754092712592991, 0.8808919461147899, 0.7420541780659815, 0.8231560738418289, 0.8962096929024133, 0.8773104352365284, 0.8703246706459902, 0.46125978072022955, 0.9142445273649933, 0.7093853536262804, 0.6991468984827918, 0.5092129592647185, 0.8548397899287874, 0.4740532618616287, 0.5921911079082992, 0.7715012035371895, 0.8077895563342797, 0.8782734899756608, 0.549916846856608, 0.7205089220380079, 0.9309470682699423, 1.0, 1.0, 0.5911195501972704, 0.7724513953583305, 0.5117566728908322, 0.9847962409659572, 0.6939112308588368, 0.7042953619649426, 0.860117164263619, 0.845087053073633, 0.2599906717142791, 0.6356257812621184, 0.5037077119806818, 0.8475332565755729, 0.7503415008507734, 0.7531797171538064, 1.0, 0.6441425627537012, 0.5750974938187585, 0.6439391185600173, 0.3031200238102166, 0.8472873156881442, 0.676525822803221, 0.6487795790095106, 0.49150427670545643, 0.8096114788906146, 0.9056583090096291, 0.7449734989717058, 0.8912022993575596, 0.6174476289010351, 0.6408498901229449, 0.767723111687518, 0.8358395384567638, 0.884250182279102, 0.7164493834577911, 0.8573638305228279, 0.42650534547698615, 0.8336108571661149, 0.9178662308912058, 0.8814955038434287, 1.0, 0.7681899150975824, 0.8736270526063763, 0.782053171927164, 0.8928766700547339, 0.8789801838086921, 1.0, 0.9355467351067721, 0.8385834949297515, 0.7225931341121177, 1.0, 0.9399649879642329, 0.610067068626702, 0.631282340524122, 0.5788186931493522, 0.6231681975451538, 0.940101844638672, 0.7243849758480987]

RQ1_final/bugsinpy/soft4_codet5p_770m
  Exact Fixed = 19 
[7, 21, 24, 28, 30, 52, 53, 57, 68, 70, 73, 89, 92, 98, 99, 102, 103, 107, 108]
  Syntax Fixed = 1 
[60]
  Cleaned Fixed = 0 
[]
  codebleu = 77.34 
[0.6243685346389344, 0.8505702153233261, 0.6601281703247908, 0.45499728751656643, 0.8052050509144788, 0.9411542454583528, 1.0, 0.8300638244826566, 0.5571314709024371, 0.7953587603777192, 0.7170278488245106, 0.8068413656728535, 0.6364393292738373, 0.7768711691119308, 0.6883720951974961, 0.8971695160234401, 0.8856389378075658, 0.6413921957402942, 0.1806282697546187, 0.8989892675718678, 1.0, 0.583933634540305, 0.9204219587780458, 1.0, 0.8234479137638847, 0.6508693332230462, 0.4545507520171642, 1.0, 0.7053894038892353, 1.0, 0.7896354401872717, 0.8808919461147899, 0.7420541780659815, 0.8256560738418288, 0.8962096929024133, 0.8773104352365284, 0.8703246706459902, 0.4381828576433065, 0.9142445273649933, 0.7093853536262804, 0.6991468984827918, 0.4279996108582371, 0.8548397899287874, 0.5168368106999625, 0.5906911079082992, 0.7715012035371895, 0.8077895563342797, 0.8782734899756608, 0.5775035025206701, 0.7205089220380079, 0.8469056278543927, 1.0, 1.0, 0.5911195501972704, 0.8362747318435784, 0.5117566728908322, 0.9847962409659572, 0.6939112308588368, 0.6363040664755386, 0.9021838139883462, 0.8151727098711423, 0.2599906717142791, 0.5970503880018869, 0.4651584016363516, 0.5864605499750326, 0.7537584442034289, 0.7531797171538064, 1.0, 0.6441425627537012, 1.0, 0.6439391185600173, 0.3031200238102166, 1.0, 0.676525822803221, 0.7532023606383493, 0.5011478161478186, 0.8096114788906146, 0.9056583090096291, 0.7449734989717058, 0.8912022993575596, 0.8727790091136098, 0.7318286091585733, 0.767723111687518, 0.8358395384567638, 0.884250182279102, 0.7164493834577911, 0.7051775280522101, 0.7332519354895861, 0.949504537888815, 0.9178662308912058, 0.8814955038434287, 1.0, 0.8594942629236695, 0.8736270526063763, 0.782053171927164, 0.8934863054803268, 0.8789801838086921, 1.0, 0.9355467351067721, 0.8054823549932149, 0.7225931341121177, 1.0, 0.9399649879642329, 0.6729186523772329, 0.8300101016746005, 0.6976110584484838, 1.0, 1.0, 0.7243849758480987]

RQ1_final/bugsinpy/soft3_codet5p_770m
  Exact Fixed = 16 
[7, 21, 24, 28, 30, 52, 53, 57, 60, 62, 68, 92, 98, 99, 102, 103]
  Syntax Fixed = 1 
[65]
  Cleaned Fixed = 0 
[]
  codebleu = 76.82 
[0.6728230800934798, 0.8505702153233261, 0.18323117391556848, 0.36880812213692604, 0.8052050509144788, 0.9004237911554711, 1.0, 0.7887340308776575, 0.5571314709024371, 0.7953587603777192, 0.572911811747898, 0.8239840614864851, 0.6310821864166943, 0.7768711691119308, 0.6883720951974961, 0.8971695160234401, 0.8856389378075658, 0.8642706682188466, 0.7443181170763433, 0.7132642165763982, 1.0, 0.583933634540305, 0.9204219587780458, 1.0, 0.8234479137638847, 0.6508693332230462, 0.4545507520171642, 1.0, 0.6853803599169206, 1.0, 0.7896354401872717, 0.8808919461147899, 0.7420541780659815, 0.8231560738418289, 0.8962096929024133, 0.8773104352365284, 0.8703246706459902, 0.7507982187182929, 0.9142445273649933, 0.7093853536262804, 0.7313821813372119, 0.7572098935987482, 0.22775272594080592, 0.642918699566152, 0.6038577745749659, 0.40220703819106063, 0.8077895563342797, 0.8782734899756608, 0.5096459235458725, 0.7205089220380079, 0.9309470682699423, 1.0, 1.0, 0.5911195501972704, 0.8362747318435784, 0.5117566728908322, 0.9847962409659572, 0.5767084530894689, 0.7042953619649426, 1.0, 0.845087053073633, 1.0, 0.7652740132249347, 0.5037077119806818, 0.947533256575573, 0.7516692868239201, 0.722095669095921, 1.0, 0.6164472154790825, 0.7311654993304202, 0.6439391185600173, 0.3031200238102166, 0.9472873156881443, 0.676525822803221, 0.6983726410408883, 0.49150427670545643, 0.8096114788906146, 0.7779853689231081, 0.7449734989717058, 0.8912022993575596, 0.6174476289010351, 0.5981968845254106, 0.767723111687518, 0.7482355723320561, 0.884250182279102, 0.7164493834577911, 0.8152209733799707, 0.7332519354895861, 0.8336108571661149, 0.7720329240224837, 0.8814955038434287, 1.0, 0.8594942629236695, 0.8736270526063763, 0.782053171927164, 0.8934863054803268, 0.8789801838086921, 1.0, 0.9355467351067721, 0.7826011403645875, 0.7225931341121177, 1.0, 0.9399649879642329, 0.610067068626702, 0.7793778739518044, 0.8631855387221548, 0.6639070091513721, 0.8840742273066922, 0.7243849758480987]

RQ1_final/bugsinpy/soft1_codet5p_220m
  Exact Fixed = 14 
[7, 21, 24, 28, 30, 52, 53, 57, 68, 92, 98, 99, 102, 103]
  Syntax Fixed = 1 
[108]
  Cleaned Fixed = 0 
[]
  codebleu = 76.4 
[0.6728230800934798, 0.8834124216164225, 0.6601281703247908, 0.47166395418323315, 0.8052050509144788, 0.9411542454583528, 1.0, 0.8300638244826566, 0.5571314709024371, 0.7953587603777192, 0.7714650156104186, 0.6970086753794206, 0.6572726626071705, 0.7768711691119308, 0.6883720951974961, 0.8971695160234401, 0.8856389378075658, 0.6413921957402942, 0.7443181170763433, 0.8884573785188872, 1.0, 0.583933634540305, 0.9204219587780458, 1.0, 0.8234479137638847, 0.6508693332230462, 0.4545507520171642, 1.0, 0.7217017872886777, 1.0, 0.8754092712592991, 0.8808919461147899, 0.7420541780659815, 0.8231560738418289, 0.8962096929024133, 0.8773104352365284, 0.8703246706459902, 0.46125978072022955, 0.9142445273649933, 0.7093853536262804, 0.6991468984827918, 0.5092129592647185, 0.8548397899287874, 0.4740532618616287, 0.5921911079082992, 0.7715012035371895, 0.8077895563342797, 0.8782734899756608, 0.549916846856608, 0.7205089220380079, 0.9309470682699423, 1.0, 1.0, 0.5911195501972704, 0.7724513953583305, 0.5117566728908322, 0.9847962409659572, 0.6939112308588368, 0.7042953619649426, 0.860117164263619, 0.845087053073633, 0.2599906717142791, 0.6356257812621184, 0.5037077119806818, 0.8475332565755729, 0.7503415008507734, 0.7531797171538064, 1.0, 0.6441425627537012, 0.5750974938187585, 0.6439391185600173, 0.3031200238102166, 0.8472873156881442, 0.676525822803221, 0.6487795790095106, 0.49150427670545643, 0.8096114788906146, 0.9056583090096291, 0.7449734989717058, 0.8912022993575596, 0.6174476289010351, 0.6408498901229449, 0.767723111687518, 0.8358395384567638, 0.884250182279102, 0.7164493834577911, 0.8573638305228279, 0.42650534547698615, 0.8336108571661149, 0.9178662308912058, 0.8814955038434287, 1.0, 0.7681899150975824, 0.8736270526063763, 0.782053171927164, 0.8928766700547339, 0.8789801838086921, 1.0, 0.9355467351067721, 0.8385834949297515, 0.7225931341121177, 1.0, 0.9399649879642329, 0.610067068626702, 0.631282340524122, 0.5788186931493522, 0.6231681975451538, 0.940101844638672, 0.7243849758480987]

RQ1_final/bugsinpy/soft6_codet5p_220m
  Exact Fixed = 18 
[7, 21, 24, 28, 30, 52, 53, 57, 60, 68, 70, 92, 98, 99, 102, 103, 107, 108]
  Syntax Fixed = 0 
[]
  Cleaned Fixed = 0 
[]
  codebleu = 76.78 
[0.6728230800934798, 0.8505702153233261, 0.6601281703247908, 0.34546408284362085, 0.6831708548501114, 0.9411542454583528, 1.0, 0.7953063269679879, 0.5571314709024371, 0.68965030200429, 0.7714650156104186, 0.7398658182365634, 0.7478035692061669, 0.7768711691119308, 0.6883720951974961, 0.8971695160234401, 0.8856389378075658, 0.6413921957402942, 0.7443181170763433, 0.7667711001387134, 1.0, 0.583933634540305, 0.9204219587780458, 1.0, 0.8672809056911601, 0.6508693332230462, 0.4545507520171642, 1.0, 0.7217017872886777, 1.0, 0.7896354401872717, 0.8808919461147899, 0.7520541780659815, 0.8231560738418289, 0.8962096929024133, 0.8773104352365284, 0.8703246706459902, 0.3980938065871876, 0.9142445273649933, 0.7093853536262804, 0.7313821813372119, 0.5824086468800471, 0.8548397899287874, 0.383730243906797, 0.39686614731832626, 0.7715012035371895, 0.8077895563342797, 0.8782734899756608, 0.549916846856608, 0.7205089220380079, 0.5586903346173077, 1.0, 1.0, 0.5911195501972704, 0.8022604263379136, 0.5117566728908322, 0.9847962409659572, 0.6939112308588368, 0.7042953619649426, 1.0, 0.845087053073633, 0.18285014628007787, 0.6356257812621184, 0.5037077119806818, 0.8475332565755729, 0.7672847600751869, 0.7531797171538064, 1.0, 0.7105495444909284, 1.0, 0.6439391185600173, 0.3031200238102166, 0.8472873156881442, 0.676525822803221, 0.6487795790095106, 0.49150427670545643, 0.8096114788906146, 0.7779853689231081, 0.7449734989717058, 0.8912022993575596, 0.6174476289010351, 0.7318286091585733, 0.767723111687518, 0.8358395384567638, 0.884250182279102, 0.7164493834577911, 0.8573638305228279, 0.7332519354895861, 0.8336108571661149, 0.9178662308912058, 0.8814955038434287, 1.0, 0.7681899150975824, 0.8736270526063763, 0.782053171927164, 0.8934863054803268, 0.8789801838086921, 1.0, 0.9355467351067721, 0.8385834949297515, 0.7225931341121177, 1.0, 0.9399649879642329, 0.610067068626702, 0.631282340524122, 0.8631855387221548, 1.0, 1.0, 0.6006162211964817]

RQ1_final/bugsinpy/hard0_codet5p_220m
  Exact Fixed = 12 
[21, 24, 28, 30, 53, 60, 68, 92, 98, 99, 103, 108]
  Syntax Fixed = 1 
[65]
  Cleaned Fixed = 0 
[]
  codebleu = 77.03 
[0.6728230800934798, 0.8280405710545513, 0.6601281703247908, 0.47166395418323315, 0.6831708548501114, 0.9411542454583528, 0.7402761867389394, 0.8300638244826566, 0.575055558283563, 0.68965030200429, 0.7714650156104186, 0.7398658182365634, 0.54868345150043, 0.7768711691119308, 0.6883720951974961, 0.8971695160234401, 0.8346425408674998, 0.6902260446833343, 0.7443181170763433, 0.8884573785188872, 1.0, 0.583933634540305, 0.9204219587780458, 1.0, 0.8234479137638847, 0.6508693332230462, 0.4545507520171642, 1.0, 0.7217017872886777, 1.0, 0.7896354401872717, 0.8808919461147899, 0.7420541780659815, 0.8231560738418289, 0.8962096929024133, 0.8773104352365284, 0.8703246706459902, 0.7507982187182929, 0.9142445273649933, 0.7093853536262804, 0.788050295413492, 0.7572098935987482, 0.8548397899287874, 0.4740532618616287, 0.39686614731832626, 0.7715012035371895, 0.8077895563342797, 0.8782734899756608, 0.549916846856608, 0.7205089220380079, 0.9309470682699423, 0.7072514737527863, 1.0, 0.5911195501972704, 0.8022604263379136, 0.5117566728908322, 0.8923125000332248, 0.6939112308588368, 0.7042953619649426, 1.0, 0.845087053073633, 0.20867343826082332, 0.6356257812621184, 0.5037077119806818, 0.947533256575573, 0.7302289246958026, 0.7531797171538064, 1.0, 0.6441425627537012, 0.5750974938187585, 0.6439391185600173, 0.3031200238102166, 0.9472873156881443, 0.676525822803221, 0.6487795790095106, 0.49150427670545643, 0.8096114788906146, 0.9056583090096291, 0.7449734989717058, 0.8912022993575596, 0.8727790091136098, 0.7318286091585733, 0.7738279988463377, 0.8358395384567638, 0.884250182279102, 0.7164493834577911, 0.8573638305228279, 0.7332519354895861, 0.8086254987195756, 0.9178662308912058, 0.8814955038434287, 1.0, 0.8594942629236695, 0.8736270526063763, 0.782053171927164, 0.8934863054803268, 0.8789801838086921, 1.0, 0.9355467351067721, 0.8385834949297515, 0.7225931341121177, 0.878865255109752, 0.9399649879642329, 0.610067068626702, 0.8300101016746005, 0.8631855387221548, 0.5672482008462518, 1.0, 0.6604519879248957]

RQ1_final/bugsinpy/hard2_codet5p_770m
  Exact Fixed = 14 
[7, 24, 28, 30, 52, 53, 60, 62, 68, 70, 98, 99, 102, 103]
  Syntax Fixed = 1 
[41]
  Cleaned Fixed = 0 
[]
  codebleu = 76.26 
[0.6060538776724701, 0.8505702153233261, 0.5323818219115216, 0.47166395418323315, 0.6533914430854055, 0.9411542454583528, 1.0, 0.6838451419887687, 0.5571314709024371, 0.7953587603777192, 0.7260058708025325, 0.6018780061069002, 0.6131147651086681, 0.7768711691119308, 0.6883720951974961, 0.8971695160234401, 0.8856389378075658, 0.8642706682188466, 0.7443181170763433, 0.7132642165763982, 0.7811422794173712, 0.583933634540305, 0.9204219587780458, 1.0, 0.8234479137638847, 0.6508693332230462, 0.4545507520171642, 1.0, 0.7217017872886777, 1.0, 0.7896354401872717, 0.8115699580204023, 0.6729855785681763, 0.8036453284640133, 0.8962096929024133, 0.8773104352365284, 0.8703246706459902, 0.7507982187182929, 0.9142445273649933, 0.7093853536262804, 0.9213836287468253, 0.62327537336927, 0.8548397899287874, 0.35817103065784195, 0.6038577745749659, 0.7715012035371895, 0.8077895563342797, 0.8782734899756608, 0.5096459235458725, 0.7205089220380079, 0.9309470682699423, 1.0, 1.0, 0.5911195501972704, 0.8362747318435784, 0.5117566728908322, 0.8923125000332248, 0.6939112308588368, 0.7042953619649426, 1.0, 0.8087123757273413, 1.0, 0.6026966865919932, 0.11776372725164658, 0.5615947181324565, 0.7300748885735645, 0.7531797171538064, 1.0, 0.6441425627537012, 1.0, 0.6092992309704574, 0.3031200238102166, 0.9472873156881443, 0.676525822803221, 0.6487795790095106, 0.49150427670545643, 0.8096114788906146, 0.9056583090096291, 0.6842867340729187, 0.8912022993575596, 0.8727790091136098, 0.5999032268375883, 0.7738279988463377, 0.7482355723320561, 0.884250182279102, 0.7164493834577911, 0.8573638305228279, 0.34359572933876614, 0.7605521059911822, 0.9178662308912058, 0.8814955038434287, 0.8346354401872718, 0.7388721037764168, 0.8736270526063763, 0.782053171927164, 0.8934863054803268, 0.8768686925984219, 1.0, 0.9355467351067721, 0.8385834949297515, 0.7225931341121177, 1.0, 0.9399649879642329, 0.610067068626702, 0.6812954886555639, 0.8631855387221548, 0.6248793460850816, 0.8011544762176194, 0.7243849758480987]

RQ1_final/bugsinpy/hard5_codet5p_770m
  Exact Fixed = 21 
[7, 21, 24, 28, 30, 43, 52, 53, 57, 60, 68, 70, 73, 89, 92, 98, 99, 102, 103, 107, 108]
  Syntax Fixed = 1 
[1]
  Cleaned Fixed = 0 
[]
  codebleu = 75.62 
[0.8303820072639354, 0.7415231457034219, 0.5778495926523601, 0.47166395418323315, 0.6831708548501114, 0.9411542454583528, 1.0, 0.7953063269679879, 0.5571314709024371, 0.7953587603777192, 0.7714650156104186, 0.7398658182365634, 0.6364393292738373, 0.7768711691119308, 0.6883720951974961, 0.8971695160234401, 0.8856389378075658, 0.8642706682188466, 0.26929318991373596, 0.8884573785188872, 1.0, 0.5537274291090875, 0.9204219587780458, 1.0, 0.8234479137638847, 0.44630228545003786, 0.4545507520171642, 1.0, 0.7053894038892353, 1.0, 0.8754092712592991, 0.8808919461147899, 0.6839706733077077, 0.8036453284640133, 0.8962096929024133, 0.8773104352365284, 0.8703246706459902, 0.25723017793204506, 0.8751140925823846, 0.7093853536262804, 0.7713836287468254, 0.5722464039476509, 1.0, 0.49503118020616055, 0.6038577745749659, 0.5976301703621436, 0.4729172814165737, 0.8782734899756608, 0.5096459235458725, 0.7161229571257272, 0.8541485454600886, 1.0, 1.0, 0.4502589588869642, 0.8362747318435784, 0.48759680693203294, 0.9847962409659572, 0.6939112308588368, 0.43640944068853466, 1.0, 0.845087053073633, 0.20867343826082332, 0.7652740132249347, 0.3765811737351856, 0.5864605499750326, 0.7899732031615405, 0.8051927242739852, 1.0, 0.4778860984868063, 1.0, 0.6462541125586169, 0.25139715683335245, 1.0, 0.676525822803221, 0.725908704442251, 0.49150427670545643, 0.8096114788906146, 0.9056583090096291, 0.7449734989717058, 0.8912022993575596, 0.8727790091136098, 0.7878817000685714, 0.767723111687518, 0.8358395384567638, 0.884250182279102, 0.7164493834577911, 0.7051775280522101, 0.6980318140097763, 0.949504537888815, 0.7330025786068664, 0.8814955038434287, 1.0, 0.7388721037764168, 0.8736270526063763, 0.782053171927164, 0.6221352189442793, 0.8789801838086921, 1.0, 0.9355467351067721, 0.8054823549932149, 0.6028286211034958, 1.0, 0.9399649879642329, 0.4937958527250116, 0.6812954886555639, 0.7123224823588741, 1.0, 1.0, 0.7220447926250532]

RQ1_final/bugsinpy/hard1_codet5p_220m
  Exact Fixed = 14 
[7, 21, 24, 28, 30, 52, 53, 60, 68, 92, 98, 99, 103, 108]
  Syntax Fixed = 2 
[2, 65]
  Cleaned Fixed = 0 
[]
  codebleu = 75.69 
[0.6728230800934798, 0.9500790882830892, 0.6601281703247908, 0.4500690462517839, 0.6913513004703498, 0.9411542454583528, 1.0, 0.8300638244826566, 0.575055558283563, 0.68965030200429, 0.6567429270683093, 0.6970086753794206, 0.6572726626071705, 0.7768711691119308, 0.6883720951974961, 0.831676965115411, 0.8346425408674998, 0.6902260446833343, 0.7443181170763433, 0.8884573785188872, 1.0, 0.5537274291090875, 0.5571444585114862, 1.0, 0.8234479137638847, 0.6508693332230462, 0.40405185275628624, 1.0, 0.6853803599169206, 1.0, 0.7896354401872717, 0.8512284195392206, 0.7420541780659815, 0.8231560738418289, 0.8962096929024133, 0.8773104352365284, 0.8703246706459902, 0.7507982187182929, 0.9142445273649933, 0.7093853536262804, 0.788050295413492, 0.5533507468959559, 0.7531496225757797, 0.41560799773698853, 0.46694054865928003, 0.7715012035371895, 0.8077895563342797, 0.8782734899756608, 0.549916846856608, 0.5848279818283263, 0.9309470682699423, 1.0, 1.0, 0.5911195501972704, 0.8022604263379136, 0.5117566728908322, 0.8923125000332248, 0.6939112308588368, 0.7042953619649426, 1.0, 0.845087053073633, 0.20867343826082332, 0.6356257812621184, 0.5037077119806818, 0.947533256575573, 0.7448259813148442, 0.7531797171538064, 1.0, 0.6441425627537012, 0.5089224769839813, 0.12335645862433145, 0.3031200238102166, 0.9472873156881443, 0.676525822803221, 0.6487795790095106, 0.49150427670545643, 0.8096114788906146, 0.9056583090096291, 0.7449734989717058, 0.8912022993575596, 0.6174476289010351, 0.7318286091585733, 0.7738279988463377, 0.8358395384567638, 0.884250182279102, 0.7164493834577911, 0.8573638305228279, 0.7332519354895861, 0.8336108571661149, 0.9178662308912058, 0.8814955038434287, 1.0, 0.7681899150975824, 0.8736270526063763, 0.782053171927164, 0.8934863054803268, 0.8789801838086921, 1.0, 0.9355467351067721, 0.8385834949297515, 0.7225931341121177, 0.878865255109752, 0.9399649879642329, 0.610067068626702, 0.631282340524122, 0.8631855387221548, 0.5489237300400285, 1.0, 0.7032270811112566]

RQ1_final/bugsinpy/hard6_codet5p_220m
  Exact Fixed = 11 
[7, 21, 24, 28, 53, 68, 92, 98, 99, 103, 108]
  Syntax Fixed = 2 
[60, 65]
  Cleaned Fixed = 0 
[]
  codebleu = 76.13 
[0.6063596334217315, 0.8752455399986507, 0.6601281703247908, 0.37378920059827936, 0.6649907410108662, 0.9411542454583528, 1.0, 0.8300638244826566, 0.5079923832459076, 0.68965030200429, 0.7714650156104186, 0.7398658182365634, 0.7733604490538593, 0.7768711691119308, 0.6883720951974961, 0.8971695160234401, 0.8856389378075658, 0.6902260446833343, 0.7443181170763433, 0.8884573785188872, 1.0, 0.583933634540305, 0.9204219587780458, 1.0, 0.8234479137638847, 0.6508693332230462, 0.4424784194919247, 1.0, 0.6853803599169206, 0.568803606953774, 0.8754092712592991, 0.8808919461147899, 0.7054968602873439, 0.8231560738418289, 0.8962096929024133, 0.8773104352365284, 0.8703246706459902, 0.7507982187182929, 0.9142445273649933, 0.7093853536262804, 0.5877052844412505, 0.7572098935987482, 0.8192147899287874, 0.4740532618616287, 0.39686614731832626, 0.7715012035371895, 0.8077895563342797, 0.8797024133033831, 0.549916846856608, 0.6481253914747869, 0.9309470682699423, 0.7602059030246575, 1.0, 0.5911195501972704, 0.8022604263379136, 0.5117566728908322, 0.8923125000332248, 0.6939112308588368, 0.7042953619649426, 0.9021838139883462, 0.845087053073633, 0.20867343826082332, 0.6503992098291642, 0.5037077119806818, 0.947533256575573, 0.7286052536335244, 0.7531797171538064, 1.0, 0.6441425627537012, 0.5750974938187585, 0.6439391185600173, 0.3031200238102166, 0.9472873156881443, 0.676525822803221, 0.6487795790095106, 0.49150427670545643, 0.8096114788906146, 0.7004008447526069, 0.7449734989717058, 0.8912022993575596, 0.6174476289010351, 0.7318286091585733, 0.7738279988463377, 0.8358395384567638, 0.884250182279102, 0.7164493834577911, 0.8573638305228279, 0.7332519354895861, 0.8336108571661149, 0.9178662308912058, 0.8814955038434287, 1.0, 0.7681899150975824, 0.8736270526063763, 0.782053171927164, 0.8934863054803268, 0.8789801838086921, 1.0, 0.9355467351067721, 0.8385834949297515, 0.7225931341121177, 0.878865255109752, 0.9399649879642329, 0.5687835274608531, 0.631282340524122, 0.8631855387221548, 0.7160249274312963, 1.0, 0.7243849758480987]

RQ1_final/bugsinpy/finetune_codet5p_770m
  Exact Fixed = 15 
[7, 21, 24, 28, 30, 53, 68, 70, 73, 89, 92, 98, 99, 102, 107]
  Syntax Fixed = 1 
[108]
  Cleaned Fixed = 0 
[]
  codebleu = 74.93 
[0.6728230800934798, 0.5003502320472679, 0.6168158383138294, 0.45499728751656643, 0.6913513004703498, 0.9411542454583528, 1.0, 0.8078073654022788, 0.4853955805801071, 0.6253418632825173, 0.7260058708025325, 0.8068413656728535, 0.5719912773257853, 0.7768711691119308, 0.6883720951974961, 0.8673208349360431, 0.6439841313234858, 0.8642706682188466, 0.7443181170763433, 0.8884573785188872, 1.0, 0.7109518269488379, 0.9204219587780458, 1.0, 0.8234479137638847, 0.6508693332230462, 0.4545507520171642, 1.0, 0.5962932543221822, 1.0, 0.4113136709712797, 0.8808919461147899, 0.6449667357760065, 0.8036453284640133, 0.8962096929024133, 0.7905679992780926, 0.8744879458107344, 0.4381828576433065, 0.9142445273649933, 0.7093853536262804, 0.7313821813372119, 0.5160313730295323, 0.8548397899287874, 0.513494012439366, 0.5921911079082992, 0.5976301703621436, 0.8077895563342797, 0.9007008595464912, 0.5210206799446108, 0.42475972008851237, 0.7851874502353791, 0.715995151754435, 1.0, 0.5911195501972704, 0.8362747318435784, 0.5117566728908322, 0.9085800872774439, 0.6552141124632096, 0.43640944068853466, 0.860117164263619, 0.845087053073633, 0.22962393221651936, 0.7171549568305972, 0.5037077119806818, 0.5615947181324565, 0.7196893745238413, 0.7165104123796827, 1.0, 0.6077076794229826, 1.0, 0.6462541125586169, 0.2922648412254939, 1.0, 0.676525822803221, 0.5719287549505898, 0.5002377244306854, 0.8096114788906146, 0.9056583090096291, 0.7449734989717058, 0.8912022993575596, 0.8727790091136098, 0.5508208118949989, 0.767723111687518, 0.8358395384567638, 0.884250182279102, 0.7164493834577911, 0.7855211631102956, 0.7332519354895861, 1.0, 0.9178662308912058, 0.8282346736174131, 1.0, 0.8594942629236695, 0.891471971382207, 0.7522227001540496, 0.791142783877367, 0.7038696679230181, 1.0, 1.0, 0.7288541721698045, 0.7225931341121177, 1.0, 0.9596100877558813, 0.572788371170399, 0.6812954886555639, 0.8541424245508178, 1.0, 0.940101844638672, 0.7243849758480987]

RQ1_final/bugsinpy/hard4_codet5p_770m
  Exact Fixed = 9 
[21, 24, 28, 30, 53, 68, 92, 98, 103]
  Syntax Fixed = 0 
[]
  Cleaned Fixed = 0 
[]
  codebleu = 77.4 
[0.6728230800934798, 0.8834124216164225, 0.6601281703247908, 0.47166395418323315, 0.8052050509144788, 0.9411542454583528, 0.8674433454759134, 0.8300638244826566, 0.5571314709024371, 0.7953587603777192, 0.7714650156104186, 0.8068413656728535, 0.8475864225311183, 0.7768711691119308, 0.6883720951974961, 0.8971695160234401, 0.8856389378075658, 0.6413921957402942, 0.7443181170763433, 0.8884573785188872, 1.0, 0.583933634540305, 0.9204219587780458, 1.0, 0.8234479137638847, 0.6508693332230462, 0.4545507520171642, 1.0, 0.6853803599169206, 1.0, 0.7896354401872717, 0.8808919461147899, 0.7420541780659815, 0.8231560738418289, 0.8962096929024133, 0.8773104352365284, 0.8703246706459902, 0.7507982187182929, 0.9142445273649933, 0.7093853536262804, 0.788050295413492, 0.7572098935987482, 0.8548397899287874, 0.4740532618616287, 0.39686614731832626, 0.7715012035371895, 0.8077895563342797, 0.8782734899756608, 0.549916846856608, 0.7205089220380079, 0.8820517186123604, 0.7549669674736412, 1.0, 0.5911195501972704, 0.8362747318435784, 0.5117566728908322, 0.8923125000332248, 0.6939112308588368, 0.7042953619649426, 0.860117164263619, 0.845087053073633, 0.2599906717142791, 0.6026966865919932, 0.5037077119806818, 0.8475332565755729, 0.7470126207686696, 0.7531797171538064, 1.0, 0.6441425627537012, 0.5750974938187585, 0.6439391185600173, 0.3031200238102166, 0.9472873156881443, 0.676525822803221, 0.6675881054170294, 0.49150427670545643, 0.8096114788906146, 0.9056583090096291, 0.7449734989717058, 0.8912022993575596, 0.8727790091136098, 0.7318286091585733, 0.7738279988463377, 0.8358395384567638, 0.884250182279102, 0.7164493834577911, 0.8573638305228279, 0.7332519354895861, 0.8086254987195756, 0.9178662308912058, 0.8814955038434287, 1.0, 0.8594942629236695, 0.8736270526063763, 0.782053171927164, 0.8934863054803268, 0.8789801838086921, 1.0, 0.7884485258508804, 0.8385834949297515, 0.7225931341121177, 0.878865255109752, 0.9399649879642329, 0.610067068626702, 0.8300101016746005, 0.8631855387221548, 0.621240758456996, 0.8611544762176193, 0.7243849758480987]

RQ1_final/bugsinpy/hard3_codet5p_770m
  Exact Fixed = 17 
[7, 21, 24, 28, 30, 53, 57, 68, 70, 73, 89, 92, 98, 99, 102, 103, 107]
  Syntax Fixed = 1 
[60]
  Cleaned Fixed = 0 
[]
  codebleu = 74.71 
[0.6728230800934798, 0.8505702153233261, 0.5338042213197762, 0.47166395418323315, 0.8052050509144788, 0.9411542454583528, 1.0, 0.8300638244826566, 0.5571314709024371, 0.68965030200429, 0.6000816040179875, 0.6838745105094355, 0.6239393292738371, 0.7768711691119308, 0.6883720951974961, 0.501295168569188, 0.8856389378075658, 0.8642706682188466, 0.6909049476132935, 0.7132642165763982, 1.0, 0.583933634540305, 0.9204219587780458, 1.0, 0.8234479137638847, 0.45472562564808194, 0.4545507520171642, 1.0, 0.7053894038892353, 1.0, 0.8754092712592991, 0.8808919461147899, 0.7420541780659815, 0.8231560738418289, 0.8962096929024133, 0.8773104352365284, 0.8703246706459902, 0.5693399983456027, 0.9142445273649933, 0.7093853536262804, 0.788050295413492, 0.5188977602734735, 0.7362875683003132, 0.5219704873191535, 0.6242275051672941, 0.7715012035371895, 0.8077895563342797, 0.8782734899756608, 0.5096459235458725, 0.7205089220380079, 0.9309470682699423, 0.8295400140808582, 1.0, 0.5911195501972704, 0.8362747318435784, 0.5117566728908322, 0.9847962409659572, 0.5697236640183667, 0.6363040664755386, 0.9021838139883462, 0.8151727098711423, 0.20867343826082332, 0.6026966865919932, 0.4991355841166543, 0.5864605499750326, 0.7398705229977152, 0.7531797171538064, 1.0, 0.6441425627537012, 1.0, 0.6462541125586169, 0.3031200238102166, 1.0, 0.676525822803221, 0.6977036054418928, 0.5011478161478186, 0.8096114788906146, 0.47218655903832124, 0.1760674643529019, 0.8912022993575596, 0.8727790091136098, 0.6837558649012712, 0.6014442343114276, 0.7482355723320561, 0.5772596342798401, 0.7164493834577911, 0.8573638305228279, 0.6339903326368657, 0.949504537888815, 0.9178662308912058, 0.8814955038434287, 1.0, 0.8594942629236695, 0.8736270526063763, 0.782053171927164, 0.6394451866568713, 0.7768595540945835, 1.0, 0.9355467351067721, 0.5723691371542674, 0.7225931341121177, 1.0, 0.9399649879642329, 0.610067068626702, 0.667858368620324, 0.8631855387221548, 1.0, 0.8840742273066922, 0.6970447926250531]

