result/bugsinpy/finetune_codet5p_770m/
  Exact Fixed = 0 
[]
  Syntax Fixed = 0 
[]
  codebleu = 76.94 
[0.6728230800934798, 0.8834124216164225, 0.7504067254288294, 0.47166395418323315, 0.9063467386633746, 0.8052050509144788, 0.9411542454583528, 0.8674433454759134, 0.8300638244826566, 0.5571314709024371, 0.7953587603777192, 0.9666856331752072, 0.7714650156104186, 0.8068413656728535, 0.8475864225311183, 0.7768711691119308, 0.6883720951974961, 0.6936199831009335, 0.8971695160234401, 0.8856389378075658, 0.6413921957402942, 0.7443181170763433, 0.8884573785188872, 0.725598015348109, 0.7520456315632097, 0.9204219587780458, 0.5936056097912514, 0.8234479137638847, 0.6508693332230462, 0.4545507520171642, 0.7711221670600811, 0.9474759345795825, 0.6853803599169206, 0.568803606953774, 0.7896354401872717, 0.8808919461147899, 0.8410373909314923, 0.7420541780659815, 0.8231560738418289, 0.8962096929024133, 0.8773104352365284, 0.8744879458107344, 0.7507982187182929, 0.9142445273649933, 0.7093853536262804, 0.788050295413492, 0.7572098935987482, 0.8548397899287874, 0.4740532618616287, 0.39686614731832626, 0.7715012035371895, 0.8077895563342797, 0.8782734899756608, 0.549916846856608, 0.7205089220380079, 0.9576203437853759, 0.7549669674736412, 0.7585846389475988, 0.5911195501972704, 0.8362747318435784, 0.5117566728908322, 0.9085800872774439, 0.6939112308588368, 0.7042953619649426, 0.860117164263619, 0.8352894783834772, 0.20867343826082332, 0.6356257812621184, 0.5037077119806818, 0.8475332565755729, 0.7503415008507734, 0.7531797171538064, 0.848034624064077, 0.6441425627537012, 0.9390331079602834, 0.5750974938187585, 0.8434652034268404, 0.6439391185600173, 0.2846333289320666, 0.9472873156881443, 0.676525822803221, 0.6675881054170294, 0.49150427670545643, 0.8096114788906146, 0.9056583090096291, 0.7449734989717058, 0.8871978499693505, 0.6374410208386678, 0.7318286091585733, 0.7738279988463377, 0.8358395384567638, 0.8853004704636518, 0.884250182279102, 0.8399114554115357, 0.8573638305228279, 0.9476860986705828, 0.7332519354895861, 0.8627606169106636, 0.9178662308912058, 0.8814955038434287, 0.8021170040829606, 0.8594942629236695, 0.8195330229945343, 0.891471971382207, 0.782053171927164, 0.8934863054803268, 0.8754861943073293, 0.8789801838086921, 0.8834630241782442, 0.8634090336969251, 0.8385834949297515, 0.7225931341121177, 0.7639654153934541, 0.878865255109752, 0.8107806147142924, 0.905409892013934, 0.610067068626702, 0.8300101016746005, 0.8631855387221548, 0.621240758456996, 0.8611544762176193, 0.7243849758480987]

result/coderefine/1/finetune_codet5p_770m/
  Exact Fixed = 0 
[]
  Syntax Fixed = 0 
[]
  codebleu = 74.0 
[0.5478617174626167, 0.8379532597400436, 0.78457483422066, 0.8353030403804571, 0.7137157875981675, 0.7293465788262874, 0.7692559446081305, 0.8043533267653031, 0.8774151017166476, 0.7825492196912771, 0.8294121954691612, 0.7403658679909041, 0.6510325062587142, 0.7594774347245092, 0.55536909914321, 0.6082034540816185, 0.7413539565987906, 0.6660990622085655, 0.7285908001616417, 0.7426976051311718, 0.8605691311624095, 0.5103549133303145, 0.7013825375797111, 0.5014796685182189, 0.8023378181010352, 0.7768572317800352, 0.7013314877388294, 0.7177465024388594, 0.7769680586221785, 0.6866066664628963, 0.5115948364403472, 0.7892893798717187, 0.7813827897505828, 0.8204813428271116, 0.771971362719331, 0.9337174312466956, 0.8135489111223173, 0.6388544839459991, 0.874333507055812, 0.9156816778139829, 0.7340864470170998, 0.7371895535064326, 0.3957678133774235, 0.9210894242639499, 0.872859247083386, 0.8195608562658496, 0.7052134204709438, 0.6285616962601648, 0.8581220366144013, 0.6874288302224288, 0.54004334605689, 0.7652107743140395, 0.7726758901703454, 0.7606487712101693, 0.854097981478525, 0.7126418368994013, 0.7713814667211265, 0.7898879051514915, 0.7550096892039961, 0.7432983887101469, 0.6451214718094107, 0.6969650785813177, 0.74860007119698, 0.846855103635342, 0.7466598115333126]


result/coderefine/2/finetune_codet5p_770m/
  Exact Fixed = 0 
[]
  Syntax Fixed = 0 
[]
  codebleu = 77.06 
[0.9319028400175196, 0.7110267587213371, 0.8351627530715169, 0.8042531119193499, 0.6644026020732762, 0.5916641504582245, 0.9131240042542847, 0.7533564184575676, 0.6882225211243493, 0.8185988616354927, 0.7923923611826239, 0.6246961272448975, 0.7113073977969425, 0.5764218027832617, 0.5821410185373894, 0.7359033097059218, 0.8280130379824054, 0.8297070150254908, 0.8509620926159189, 0.5287353893287814, 0.76880563307456, 0.8871360966205148, 0.8239488123854735, 0.8262658564247063, 0.8224575346086849, 0.7695614239847777, 0.6388667238460353, 0.8440869970032039, 0.8530931792895611, 0.7634971784040436, 0.8710308734898096, 0.7641892184347966, 0.8568498934005373, 0.7142243835743096, 0.5729553745776474, 0.9155711120322887, 0.7792674226804912, 0.819986433854677, 0.7298209571635119, 0.7885845921334553, 0.9534042607347379, 0.7601938245612875, 0.9191759319588801, 0.8780758838573097, 0.7557992754099112, 0.8389926708103039, 0.6485152654725173, 0.8842523457604965, 0.8879668130942557, 0.7657719209460121, 0.7246137353817885, 0.5244363811176725, 0.8190258342589936, 0.726868852187291, 0.6203555876993428, 0.8277363327195926, 0.8808641140776037, 0.6744826417575058, 0.5715886459714752, 0.8167628988767424, 0.6803438096727843, 0.8174099352746733, 0.8647379243324642, 0.8649111886576852, 0.7986085882818641]


result/coderefine/3/finetune_codet5p_770m/
  Exact Fixed = 0 
[]
  Syntax Fixed = 0 
[]
  codebleu = 76.41 
[0.8114146497860415, 0.8511738523629877, 0.8249591016210021, 0.7709490070828129, 0.8487996180681285, 0.8363409602259708, 0.8436915268709112, 0.6106302826977578, 0.7998588350875768, 0.70926760466914, 0.6780609709404098, 0.7075239702320301, 0.6386399888927045, 0.8998256393823403, 0.7862498146612795, 0.8213632326202384, 0.7671136496916928, 0.7202258343524188, 0.6127905914803968, 0.9175184910910833, 0.6916377254956064, 0.859456290031299, 0.7554664934124026, 0.7489847885942358, 0.8236488512415092, 0.7560386034712838, 0.6839816656928468, 0.7444445080237931, 0.8272047904656293, 0.845578753456268, 0.7106957367476654, 0.691249018500195, 0.6425042654064281, 0.8027656379478738, 0.7746312155966322, 0.640100830748537, 0.7696438958241305, 0.6534950189211068, 0.7319733117136124, 0.6579407445009879, 0.7633128779022263, 0.7922738397582165, 0.7630059082740179, 0.8165244642486482, 0.8153045661974347, 0.6473518824376537, 0.7371178371594482, 0.8748043250247002, 0.7750437078025361, 0.821688147766086, 0.5981861243415062, 0.6344340556808374, 0.7771473051828641, 0.7037908434637395, 0.861689146169665, 0.7153087898593595, 0.7968509024488166, 0.8331623858499162, 0.8315815887018958, 0.9368787079450165, 0.7315806865860484, 0.8612477286443525, 0.8784078895034853, 0.8573171881204411, 0.5735283309621977]


result/defects4j/finetune_codet5p_770m/
  Exact Fixed = 0 
[]
  Syntax Fixed = 0 
[]
  Cleaned Fixed = 0 
[]
  codebleu = 75.94 
[0.7977509497997374, 0.8318588019770055, 0.7657110295787897, 0.8870317711504849, 0.889761361495617, 0.6007163503048495, 0.6460867508533192, 0.8681777725936917, 0.7051146102158162, 0.8650423106205597, 0.7143513682140774, 0.6451687939127737, 0.8721125152975062, 0.877572165029932, 0.8866626937665041, 0.7369092647119393, 0.9032703781902429, 0.9228950337188102, 0.9617720754477719, 0.8459463132957461, 0.7457367319180978, 0.6831751839013868, 0.7906925479531332, 0.8693059718827794, 0.8734502199950254, 0.863021098885395, 0.2862125618794039, 0.7694729472672909, 0.6410378892354339, 0.8899407308130634, 0.7869230583782949, 0.5470596690445572, 0.7176189204658862, 0.8232523732318835, 0.8727340070600411, 0.8575737152700653, 0.8158461676559928, 0.7904665899488785, 0.9199440403895656, 0.6341247058119213, 0.8317429009522281, 0.3788321486588963, 0.8899407308130634, 0.3205070115741946, 0.6316733772548883, 0.6620374200206556, 0.8295509438760991, 0.8254084390841356, 0.8028172817807042, 0.9093967005232582, 0.8937343878768174, 0.8772101276126214, 0.8096645620006775, 0.6930827608711253, 0.9199440403895656, 0.5448048686005305, 0.5076904928072853, 0.8579593190519532, 0.8683105217761831, 0.8438720692633894, 0.595153561733246, 0.7756810045762287, 0.46390994156004267, 0.4667819625240518]


result/sstubs/1/finetune_codet5p_770m/
  Exact Fixed = 0 
[]
  Syntax Fixed = 0 
[]
  Cleaned Fixed = 0 
[]
  codebleu = 90.79 
[0.8824709043482357, 0.9370576952964131, 0.902887748772268, 0.8700625454538655, 0.9493239030379825, 0.9272945586059962, 0.7308217159428345, 0.9468301376782615, 0.9546221339246326, 0.939529666001018, 0.9383022364276514, 0.8107613352737074, 0.6772264301009557, 0.9259520853518541, 0.9565292378112795, 0.9217146126934004, 0.9372561368734473, 0.9136815104017959, 0.889134255278525, 0.7016265496309229, 0.9493239030379825, 0.9217146126934004, 0.8748733743967635, 0.9616102999368312, 0.9368020958482046, 0.9565292378112795, 0.9289542494919141, 0.9514967635709539, 0.9616102999368312, 0.9636834829996033, 0.966410184624177, 0.966410184624177]


result/sstubs/2/finetune_codet5p_770m/
  Exact Fixed = 0 
[]
  Syntax Fixed = 0 
[]
  Cleaned Fixed = 0 
[]
  codebleu = 91.04 
[0.977213679071198, 0.944274958466798, 0.9500416069012747, 0.8809865946035704, 0.9323598782946632, 0.9749830206163475, 0.7555732843655234, 0.7366418918208997, 0.9357237009636146, 0.9546221339246326, 0.9289542494919141, 0.9322236811233653, 0.645426537036109, 0.966410184624177, 0.8387796716807858, 0.9097382001430849, 0.9468301376782615, 0.9560654761382743, 0.9307994046775563, 0.8816015466501335, 0.9217146126934004, 0.8937646940710373, 0.9621391018662697, 0.9327938350960072, 0.8927685762874167, 0.9270405384522935, 0.9217146126934004, 0.9468301376782615, 0.9368020958482046, 0.8866311178771904, 0.9704328316376207, 0.9620033353993269]


result/sstubs/3/finetune_codet5p_770m/
  Exact Fixed = 0 
[]
  Syntax Fixed = 0 
[]
  Cleaned Fixed = 0 
[]
  codebleu = 91.47 
[0.9096354401872717, 0.9312991012532417, 0.9217146126934004, 0.9289542494919141, 0.9612141455329344, 0.681072945544059, 0.9495565333799167, 0.6571227299905348, 0.939529666001018, 0.9565292378112795, 0.9583676774082095, 0.9383022364276514, 0.8580551848499416, 0.9675420713984233, 0.8642531454411047, 0.9211131842675646, 0.959945180208001, 0.920101844638672, 0.9520099029923956, 0.9495565333799167, 0.9556325881310865, 0.9217146126934004, 0.9468301376782615, 0.9259520853518541, 0.8954157051952711, 0.9498733743967636, 0.9362201886171708, 0.9052050509144789, 0.9521775318277603, 0.8293897313556879, 0.9610055919835154, 0.9658213973211704]


result/tfix/1/finetune_codet5p_770m/
  Exact Fixed = 0 
[]
  Syntax Fixed = 0 
[]
  Cleaned Fixed = 0 
[]
  codebleu = 55.79 
[0.6629789808279482, 0.5190854538169563, 0.7004836662820749, 0.14417647429169284, 0.29080814539619515, 0.2642742735155721, 0.6576085993136389, 0.10100550846996653, 0.21100892280323053, 0.8292906179772745, 0.3468834488862323, 0.2315964926673459, 0.6491363253564542, 0.7939024427877673, 0.8135156937118506, 0.7484889150381644, 0.39675296426202156, 0.7591116846422887, 0.44188182488281347, 0.08869475457310907, 0.44892910504357597, 0.28178507258525926, 0.8600057888291379, 0.8576705057568643, 0.6887796716807859, 0.6760988306532816, 0.6475259120949215, 0.45797584845834727, 0.5712859693498957, 0.8206847188488577, 0.7563261803830599, 0.6337131054697118, 0.7945104051684668, 0.6579452435980097, 0.593077966208089, 0.5634793392274073, 0.6353031368082721, 0.18304611372110685, 0.21697221568846098, 0.8946995933494386, 0.4525293914149405, 0.2067757358197851, 0.9260406910477721, 0.6632483116950204, 0.7619728098941201, 0.9495565333799167, 0.8519671371303186, 0.6957386102621665, 0.23594700943102181, 0.04535576197454044, 0.684259526156298, 0.6157132877459149, 0.3739620910930766, 0.48492549020055464, 0.35079151194213914, 0.6957460976726255, 0.7486220455892145, 0.6863884298635612, 0.6322779524395602, 0.5905381869020944, 0.6203085364630863, 0.5160885566836864, 0.70282341775094, 0.6438231263082419, 0.6863884298635612, 0.9030431039697613, 0.6666353826339045, 0.8536186510818744, 0.5418035126585234, 0.7990624648102627, 0.733303401808529, 0.20376503858638684, 0.09502800550645477, 0.8239771023387574, 0.23683637774429345, 0.5479955727207041, 0.5624691290169025, 0.44432121517125955, 0.7753505981191169, 0.42956336497580716, 0.6236663076766358, 0.4961054545521633, 0.1726076513306138, 0.714297617187952, 0.7302007404183433, 0.4356258328835842, 0.6950567250744242, 0.46655222663292156, 0.0, 0.45095430220153687, 0.5033282044805021, 0.20213492018682888, 0.8339326133501213, 0.4494093694900644, 0.5696461788443421, 0.5753022266329215, 0.43605468697269356, 0.4739790984471416, 0.8533854401872718, 0.5647785789898024, 0.6024371627712123, 0.7308647096337427]


result/tfix/2/finetune_codet5p_770m/
  Exact Fixed = 0 
[]
  Syntax Fixed = 0 
[]
  Cleaned Fixed = 0 
[]
  codebleu = 58.44 
[0.22619887519287302, 0.8199535775114237, 0.5885644387645661, 0.9143879239397519, 0.22556796225712933, 0.7498054313798748, 0.8896656211648155, 0.15, 0.7717642833933758, 0.6899766481408451, 0.6281305065795061, 0.3051384298635612, 0.47522840682175094, 0.1685733388407632, 0.7203659405242031, 0.5718428761160813, 0.7614023832991552, 0.204436274930823, 0.9056583090096291, 0.30959656731223933, 0.8356658099532572, 0.5927200451626766, 0.802713932743754, 0.5837943666942622, 0.5901507144199418, 0.6618503204869636, 0.6887796716807859, 0.28269688894370654, 0.7724384145327522, 0.8079970965743207, 0.3761737730696123, 0.5559525490792834, 0.7494203690984217, 0.7985154518667719, 0.8399114554115357, 0.8353746106262074, 0.09999999999999999, 0.6265958401383632, 0.8676314291716003, 0.8048103351245981, 0.396376548721804, 0.7320430712277772, 0.42900132829974075, 0.05540387552681966, 0.8019924721490199, 0.8836744861688364, 0.5677532627711257, 0.39688026803980914, 0.4704211082436195, 0.4506060706645867, 0.10859587955759917, 0.2966597993138361, 0.377190822574687, 0.8720201734640489, 0.3599867812326072, 0.6661133003227147, 0.5827685982686784, 0.5129834344293507, 0.467913762972279, 0.6416532852733938, 0.4080877117267552, 0.2432802684167515, 0.7452738864082956, 0.5850991740430667, 0.7102241494026018, 0.7682378900570572, 0.8288120051119818, 0.46557545970108716, 0.46738580972137844, 0.598785113836511, 0.568158309009629, 0.4736910589645853, 0.7049295406070389, 0.7353305249945152, 0.4288378866864627, 0.47996086480687705, 0.26164945162585174, 0.5392725025668519, 0.41413939082855794, 0.6706847188488577, 0.8400868935661543, 0.3889423446181684, 0.2811219555899987, 0.174436274930823, 0.8596354401872717, 0.9145980101874507, 0.7209635394255931, 0.5147391347384329, 0.5918950734884176, 0.7952738864082955, 0.3998629023055338, 0.8803061884077097, 0.6532260383851596, 0.6708210601557569, 0.7065543572766618, 0.7876782831596749, 0.2298355357735218, 0.7279095254199106, 0.927790343827982, 0.7886150441973765, 0.45906361599859924, 0.8783259097532135]


result/tfix/3/finetune_codet5p_770m/
  Exact Fixed = 0 
[]
  Syntax Fixed = 0 
[]
  Cleaned Fixed = 0 
[]
  codebleu = 57.35 
[0.7512782583555683, 0.61322123249758, 0.5439725157908099, 0.6928185251457493, 0.7919539936457618, 0.7759778505057264, 0.5220649796935238, 0.35550116410096294, 0.8674961219905688, 0.6731594468050276, 0.5786565320612336, 0.6763969039336931, 0.8306583090096291, 0.8356611166780694, 0.5978676263215867, 0.8362654010560218, 0.5903697662961673, 0.7233004498085515, 0.4006672680560794, 0.04448415542647708, 0.6335343953003008, 0.8968939355581875, 0.717352101225173, 0.5796744440448658, 0.5119383937471478, 0.41340494099466796, 0.4026230568257158, 0.6651320167833845, 0.5203577845911456, 0.8596354401872717, 0.7710658705890923, 0.6502973371873174, 0.5057622511461156, 0.31594770703647285, 0.3956590955686553, 0.4276490875169622, 0.5123425659061872, 0.6067661591114144, 0.8541000841539659, 0.8413021732298638, 0.6748885220437988, 0.34828802134014275, 0.7096115872083772, 0.5274151448167971, 0.37317161913164243, 0.8515629296941565, 0.006805962174221069, 0.16999277306539728, 0.573720780784847, 0.6974634481857527, 0.8573464528613979, 0.2895327686821452, 0.8556951150608623, 0.5102421185337654, 0.10178106081337598, 0.6707422790728004, 0.554739134738433, 0.3992286298565113, 0.7251487502001472, 0.6748540000604608, 0.40956799707730585, 0.6943569758770369, 0.45759530908884194, 0.5372467733546236, 0.6724315693987384, 0.545545649326698, 0.23985271067894742, 0.32876058317458745, 0.7524591975094781, 0.12, 0.6863884298635612, 0.8849384145327521, 0.6103129560939505, 0.5019439926594608, 0.648544597832045, 0.8648103351245982, 0.5924424048742483, 0.6957231649810731, 0.13813949765549177, 0.677190822574687, 0.671115367211476, 0.0, 0.2229676619447272, 0.6082742323311118, 0.7288716324298354, 0.6156024573400952, 0.5247907831317329, 0.5875706378970006, 0.7291562502805684, 0.762178754714643, 0.0, 0.8339326133501213, 0.7279979526305214, 0.4849237989456603, 0.4402131912598308, 0.5596414762602546, 0.5646035438862514, 0.591810143755055, 0.6445712219962232, 0.6262748678584511, 0.44240821387903484, 0.7127943353971518]


result/xcodeeval/1/finetune_codet5p_770m/
  Exact Fixed = 0 
[]
  Syntax Fixed = 0 
[]
  Cleaned Fixed = 2 
[77, 123]
  codebleu = 76.92 
[0.7097922458866276, 0.9752926493864778, 0.8419188985107608, 0.8399493211101225, 0.5511737119063814, 0.8995033054005415, 0.6861165421079684, 0.8131660563421435, 0.47822580645161283, 0.9295757649014529, 0.6700100781693141, 0.8881108167610436, 0.8920012172763082, 0.8922221884406468, 0.9250674011252755, 0.7938229814514498, 0.6068707460804744, 0.8143502770709957, 0.9126650482788027, 0.9832612094993938, 0.9498733743967636, 0.7584713945723569, 0.9218164847321424, 0.9304372254539681, 0.7521689663631371, 0.8986391637385749, 0.5012202683657422, 0.8273720342697226, 0.943601919551823, 0.9876232981025004, 0.9857368328793006, 0.8463810160907537, 0.5003910292067191, 0.9389707093964361, 0.8416184535678177, 0.973858151522893, 0.6125077204302868, 0.9365819013624168, 0.46124203184813023, 0.9471982954514573, 0.6432679507343982, 0.6754292375001995, 0.41833335359899526, 0.48170226274723915, 0.7149195155805301, 0.8396113521805657, 0.9465012851429597, 0.973858151522893, 0.5725880793818358, 0.7569630859948919, 0.9601466755014141, 0.33580645216805804, 0.9460916285283518, 0.7927906556865255, 0.46344533813736777, 0.9418237108559537, 0.8633660722321144, 0.6778336766746159, 0.9860950428335316, 0.5335581349704818, 0.9492384172683168, 0.936202385969982, 0.5077214223305908, 0.9702812943440167, 0.9946984307054776, 0.147081846437205, 0.9334580759528754, 0.2471500209031206, 0.7598076383450478, 0.8876903996160546, 0.39101342264848765, 0.9604294079167424, 0.39536345674651, 0.9341079538337742, 0.8760369670517594, 0.9453698448910237, 0.8791990328029993, 0.8373834761279768, 0.8644554554879766, 0.8454546086981599, 0.7557818507099485, 0.7153375795187605, 0.8527875420817158, 0.9397626412560047, 0.9903793674040597, 0.8917793747666807, 0.89451908845154, 0.8424197834374936, 0.973091057606223, 0.8093645661462701, 0.982840810414882, 0.8963430088316504, 0.5029329793674228, 0.9109545424921657, 0.5355322041447821, 0.9498733743967636, 0.7253025503608977, 0.855337897791616, 0.5076943976918459, 0.906923058378295, 0.9381767755969468, 0.6202958011286538, 0.9595962252250807, 0.2572497507889638, 0.7556814728598797, 0.9582778026878329, 0.6362439585829495, 0.9365739931432338, 0.29943997880421824, 0.8769250379411355, 0.3737662111795117, 0.9750017397390569, 0.7639496783614648, 0.5412219101899178, 0.5102601887697077, 0.9442248897793943, 0.9692439075113215, 0.7929436912800465, 0.7741939441431783, 0.47854531008265005, 0.9041929640741897, 0.37828106820249585, 0.9455713410474389, 0.3565874055354602, 0.8119506730626463, 0.8349334433697306, 0.7286144481170467, 0.8241554247996095, 0.45601045567543047, 0.7761988507965935, 0.6017150080688712, 0.9142918920357144, 0.910618969189708, 0.46985530336379205, 0.7279692304347927]


result/xcodeeval/2/finetune_codet5p_770m/
  Exact Fixed = 2 
[73, 88]
  Syntax Fixed = 0 
[]
  Cleaned Fixed = 1 
[100]
  codebleu = 74.35 
[0.39866608837580597, 0.5104146875224156, 0.9435265486810231, 0.8452824295223402, 0.6140107726309088, 0.9852691294317872, 0.9895907412940455, 0.7530784364090384, 0.9772996794990649, 0.7141494776867402, 0.24262656534211852, 0.5844229263024725, 0.904590355528839, 0.3325195752446274, 0.03281115469695418, 0.9690929327610214, 0.5566079466715802, 0.7482112321606759, 0.8840280108223306, 0.3503170107454441, 0.46397021372643144, 0.8861971446522757, 0.9780384047260811, 0.9617720754477719, 0.8324753879721569, 0.6201159722273546, 0.8697040065925576, 0.947466474526101, 0.9420652287223139, 0.29476857896785025, 0.3878737250839708, 0.8605247897664112, 0.978658507917701, 0.9616217742632103, 0.6004280366320209, 0.6546627731113926, 0.48579771857604787, 0.9483958118402918, 0.48147027630472744, 0.596030258895899, 0.7219090712625591, 0.8207174296242723, 0.9251568164016057, 0.6406272585514035, 0.991331067751998, 0.9144169886968883, 0.9687829854371817, 0.940387748772268, 0.9840793393103271, 0.9747938432670278, 0.3047297501212361, 0.7162143583702325, 0.45858997743348967, 0.6110771271874474, 0.897868274842214, 0.9402139343391618, 0.8862841277509927, 0.9512940375189334, 0.48469916091476684, 0.9470228248649237, 0.7507584829026313, 0.9582778026878329, 0.9360674082443785, 0.556376903304558, 0.33070238333956836, 0.9176451439561264, 0.6771924619449414, 0.786578464138505, 0.9768438379914091, 0.9622793098301157, 0.970369625089766, 0.8196951483104229, 0.9715441710080255, 0.6423888919043657, 0.366718424897402, 0.7852033214625844, 0.7496420585309386, 0.978606091610698, 0.9262642913741741, 0.9609336279140019, 0.31976874551780043, 0.30666666666666664, 0.7269618142997433, 0.7335383017096913, 0.45018476558326015, 0.6178500780511474, 0.35565802228866766, 0.993565204007768, 0.9769452836232426, 0.709805001952248, 0.6979780721244926, 0.9637360645128197, 0.8688277339527386, 0.9788259925881726, 0.8346221976752688, 0.5461719247723633, 0.9726173939526563, 0.8069755829126246, 0.7067236361805709, 0.9129059150601522, 0.4466796632469585, 0.5715313815373253, 0.4920880344612968, 0.28574466030417256, 0.98905613398207, 0.6951644390669244, 0.9602235397377306, 0.4233020686260425, 0.9345121855559886, 0.45528402764179976, 0.7016795699979828, 0.7472051837618991, 0.8856566772820293, 0.912198238083447, 0.9143685812083902, 0.9362813438627395, 0.9533257646563149, 0.4335448943198981, 0.9615049129245392, 0.9748374025939537, 0.3596831366137133, 0.9498733743967636, 0.8626364097584067, 0.8171220069513339, 0.6050860325789538, 0.5158229320730467, 0.9645896373785567, 0.5818842126352378, 0.2621892956480607, 0.7390132416145816, 0.7680752406649723, 0.9311001454085734, 0.9612737738433852, 0.9750949338196533, 0.7348529689836785]


result/xcodeeval/3/finetune_codet5p_770m/
  Exact Fixed = 0 
[]
  Syntax Fixed = 0 
[]
  Cleaned Fixed = 0 
[]
  codebleu = 75.08 
[0.79353207961192, 0.548991289857973, 0.6311616600954335, 0.9503998344473819, 0.9392025498860357, 0.08595934932482159, 0.25656679901645385, 0.7669842146074164, 0.6498389062539932, 0.5030724841624163, 0.5564880010186164, 0.8164468849403668, 0.8805670984187464, 0.9432628994248902, 0.9377858074101935, 0.9175636111085979, 0.38735431410528753, 0.947175667983928, 0.7822722252676139, 0.8614910167908467, 0.9705776794701617, 0.9735791100966684, 0.8333813540442871, 0.5524112337326081, 0.7657560530824576, 0.9450171055839813, 0.8324183912964096, 0.9457549523042568, 0.5790261988125887, 0.8896800467143886, 0.91412960455335, 0.4328828981880556, 0.63014750305347, 0.9716642922960141, 0.5925258544448675, 0.7259849312989834, 0.7350229143730664, 0.9025560323310975, 0.5717465644724119, 0.9670641264245079, 0.867980815381816, 0.8583791034780668, 0.9306240015142291, 0.955626584171517, 0.7807079788494218, 0.8470562047308248, 0.9847226293373537, 0.6758211573129016, 0.9630075521645691, 0.9312349008025642, 0.9712222651426679, 0.9828198222975641, 0.9549147975108003, 0.8633963363946109, 0.7801949080730365, 0.9842293971176908, 0.8403497788628866, 0.9477813702498612, 0.951315622822358, 0.33295797590328613, 0.35624122019684656, 0.7982100679121421, 0.9217008915274616, 0.878087949536615, 0.9096266419399884, 0.9858263222388597, 0.9859658995808198, 0.15351946048762036, 0.9289471675486692, 0.8339849455214231, 0.9279004680412364, 0.9669138743101213, 0.9503712900963834, 0.9444842541441154, 0.9592256836927174, 0.5227054038899412, 0.8308197719965693, 0.8657268209604377, 0.6927725662122917, 0.8269793321315543, 0.8947151965627762, 0.9650446019275767, 0.7761391783604946, 0.9512693309096103, 0.5677893088427866, 0.7763879223350485, 0.26765125761038455, 0.9748374025939537, 0.9743329739145192, 0.8980952928375916, 0.5797226856861304, 0.48170226274723915, 0.9498733743967636, 0.6783819388991533, 0.30278837455257246, 0.8333124373352575, 0.4196734157127252, 0.5331629480186568, 0.823799855709568, 0.3902983998016769, 0.9555110270475338, 0.9174195483383916, 0.47266766836385843, 0.9534278780598358, 0.9393217253155881, 0.8897945586059963, 0.3354672506106251, 0.35148053648224986, 0.8956002753268077, 0.3868507250835175, 0.919755073180808, 0.3455555205176508, 0.4954735182274035, 0.9427008679312978, 0.5442886701759317, 0.3811799198718092, 0.8759700055210595, 0.7052622199542771, 0.9732456940628658, 0.817850581479403, 0.6136977012029514, 0.68941044587298, 0.7934303369700066, 0.9764351042658364, 0.48469916091476684, 0.6908535288138271, 0.9294284870142819, 0.275865974784248, 0.37224533982578545, 0.4191471722230175, 0.9393874070011292, 0.9769452836232426, 0.7855314395331163, 0.4094542044720756, 0.3357637568330429]


